0
24.4
0 1 5 0.0164333 
1 0 0 0 
2 0 0 0 
1
25.8
0 1 5 0.0151427 
1 1 6 0.0152224 
2 2 9 0.0414891 
2
28.6
0 1 5 0.0143835 
1 2 10 0.039663 
2 2 12 0.0295667 
3
27.6
0 1 5 0.0137741 
1 2 9 0.0166146 
2 1 6 0.0140272 
4
25.1
0 1 6 0.0136235 
1 2 12 0.0315394 
2 2 11 0.0372296 
5
25.2
0 1 5 0.0159398 
1 2 10 0.0214728 
2 1 6 0.0142419 
6
24.2
0 1 5 0.0155318 
1 2 11 0.021067 
2 2 10 0.0200238 
7
20.6
0 2 11 0.0206014 
1 2 12 0.0209905 
2 3 18 0.0201542 
8
15.1
0 2 12 0.0205572 
1 2 12 0.0205572 
2 2 12 0.0205572 
9
15.1
0 2 11 0.0219593 
1 2 11 0.0219593 
2 3 16 0.0348777 
10
15.9
0 2 11 0.021493 
1 3 17 0.0184823 
2 2 12 0.0197019 
11
13.3
0 2 11 0.0210272 
1 2 11 0.0210272 
2 2 12 0.0224242 
12
13.3
0 2 11 0.0205618 
1 2 11 0.0205618 
2 3 15 0.0242093 
13
12.3
0 2 11 0.0200969 
1 3 16 0.033691 
2 3 20 0.0430995 
14
11.7
0 2 11 0.0196325 
1 3 15 0.0236113 
2 2 13 0.0185265 
15
12.0
0 2 11 0.0191685 
1 3 18 0.0297723 
2 2 12 0.0209603 
16
11.0
0 2 11 0.0187248 
1 3 17 0.0211717 
2 3 15 0.0191151 
17
11.1
0 2 10 0.0201879 
1 2 10 0.0201879 
2 2 11 0.0192608 
18
10.4
0 2 10 0.0197789 
1 3 14 0.0206435 
2 2 10 0.0197789 
19
10.0
0 2 10 0.0193703 
1 2 10 0.0193703 
2 2 10 0.0193703 
20
9.5
0 2 10 0.0189621 
1 2 11 0.0208753 
2 3 15 0.0390651 
21
9.9
0 2 10 0.0185543 
1 3 16 0.0221766 
2 3 14 0.0160545 
22
9.7
0 2 10 0.0181469 
1 2 11 0.0177125 
2 3 17 0.0257283 
23
9.6
0 2 10 0.0177399 
1 3 16 0.0178423 
2 2 10 0.0177399 
24
9.5
0 2 10 0.0173664 
1 2 10 0.0173664 
2 2 10 0.0173664 
25
9.5
0 2 9 0.0189558 
1 2 9 0.0189558 
2 2 9 0.0189558 
26
16.2
0 2 9 0.0186158 
1 3 18 0.0338287 
2 3 17 0.0357212 
27
53.9
0 3 17 0.0459329 
1 4 25 0.0418302 
2 5 32 0.0386844 
28
59.3
0 3 17 0.0586015 
1 3 17 0.052419 
2 4 25 0.0530879 
29
67.1
0 3 17 0.0671142 
1 5 32 0.0633105 
2 4 23 0.0561443 
30
86.3
0 3 17 0.0780068 
1 4 25 0.0613953 
2 4 25 0.0698506 
31
107.5
0 4 25 0.0893862 
1 4 26 0.0927233 
2 4 26 0.0886773 
32
84.9
0 4 26 0.112188 
1 4 27 0.114558 
2 4 27 0.116577 
33
59.9
0 4 26 0.131313 
1 4 26 0.128085 
2 5 35 0.101943 
34
93.8
0 4 26 0.146626 
1 4 26 0.147239 
2 4 26 0.144474 
35
117.1
0 4 25 0.172248 
1 5 35 0.133322 
2 5 30 0.149063 
36
62.8
0 5 29 0.172823 
1 6 35 0.149125 
2 5 29 0.171231 
37
59.1
0 5 29 0.18814 
1 5 30 0.182126 
2 5 29 0.193034 
38
46.1
0 5 29 0.205923 
1 5 29 0.206716 
2 7 46 0.141002 
39
75.0
0 5 29 0.22133 
1 6 33 0.192907 
2 6 38 0.174867 
40
74.9
0 6 32 0.211562 
1 7 40 0.173148 
2 7 40 0.178384 
41
50.8
0 6 32 0.220769 
1 7 39 0.189521 
2 6 33 0.221661 
42
51.1
0 6 32 0.229073 
1 6 34 0.214462 
2 6 32 0.232968 
43
58.9
0 6 32 0.238527 
1 6 33 0.229716 
2 7 39 0.200901 
44
78.3
0 6 32 0.24597 
1 7 39 0.205051 
2 7 38 0.21087 
45
51.3
0 7 39 0.217981 
1 8 50 0.173883 
2 9 60 0.15418 
46
50.4
0 8 50 0.186186 
1 9 58 0.171173 
2 8 54 0.178775 
47
65.1
0 9 58 0.183417 
1 9 59 0.185843 
2 11 77 0.145812 
48
58.0
0 9 58 0.197709 
1 10 73 0.163837 
2 10 67 0.17453 
49
36.9
0 9 58 0.214337 
1 10 69 0.179186 
2 10 68 0.186743 
50
50.6
0 9 58 0.227965 
1 10 72 0.185563 
2 9 58 0.23301 
51
40.2
0 10 71 0.200997 
1 12 95 0.156059 
2 12 96 0.154717 
52
47.0
0 10 71 0.216296 
1 11 81 0.189247 
2 12 90 0.178166 
53
47.4
0 10 70 0.237029 
1 10 70 0.232001 
2 12 91 0.183917 
54
58.6
0 10 70 0.249215 
1 11 78 0.231343 
2 10 74 0.239014 
55
50.9
0 10 70 0.269842 
1 11 82 0.23785 
2 11 82 0.23307 
56
55.9
0 10 70 0.287273 
1 11 82 0.253172 
2 12 93 0.229889 
57
50.3
0 10 70 0.304863 
1 12 89 0.252228 
2 10 74 0.294787 
58
49.6
0 10 70 0.325322 
1 12 88 0.264321 
2 10 75 0.308538 
59
89.4
0 10 70 0.344305 
1 12 92 0.273868 
2 11 86 0.286306 
60
65.8
0 10 70 0.363378 
1 10 74 0.345062 
2 10 72 0.359232 
61
58.0
0 10 70 0.380939 
1 11 84 0.321083 
2 11 83 0.33026 
62
50.0
0 10 69 0.402031 
1 12 88 0.322703 
2 11 81 0.351539 
63
49.8
0 10 69 0.421938 
1 12 87 0.343942 
2 10 72 0.407731 
64
45.8
0 10 68 0.445465 
1 10 68 0.446044 
2 11 81 0.38106 
65
27.6
0 10 68 0.462789 
1 11 78 0.408116 
2 12 100 0.328946 
66
23.8
0 10 68 0.477036 
1 10 69 0.472927 
2 11 83 0.396342 
67
21.6
0 10 68 0.490517 
1 11 77 0.439438 
2 11 85 0.400827 
68
18.3
0 10 67 0.512157 
1 10 68 0.505207 
2 10 70 0.492792 
69
23.3
0 10 67 0.526547 
1 11 78 0.457984 
2 11 80 0.447305 
70
30.6
0 11 80 0.465383 
1 12 89 0.420759 
2 11 88 0.424489 
71
43.9
0 12 89 0.438056 
1 13 107 0.367766 
2 14 135 0.300255 
72
64.2
0 12 89 0.454106 
1 12 94 0.43312 
2 13 115 0.359848 
73
48.1
0 12 94 0.452931 
1 12 102 0.424134 
2 13 112 0.383524 
74
18.4
0 12 102 0.450701 
1 13 114 0.408253 
2 12 111 0.418294 
75
10.1
0 12 102 0.47937 
1 12 103 0.476888 
2 13 121 0.411797 
76
9.7
0 12 101 0.514461 
1 12 102 0.513378 
2 14 136 0.391196 
77
9.9
0 12 101 0.547915 
1 12 101 0.55098 
2 12 111 0.504301 
78
9.9
0 12 101 0.583642 
1 12 102 0.580507 
2 12 109 0.543293 
79
10.1
0 12 101 0.617849 
1 13 117 0.542702 
2 14 130 0.492451 
80
10.0
0 12 101 0.651943 
1 14 127 0.529665 
2 12 106 0.623573 
81
10.9
0 12 101 0.682244 
1 13 114 0.616772 
2 12 108 0.641335 
82
73.8
0 12 101 0.70989 
1 13 108 0.670017 
2 14 127 0.571283 
83
76.8
0 12 101 0.735766 
1 12 102 0.732724 
2 12 111 0.674253 
84
126.0
0 12 101 0.757992 
1 12 102 0.751443 
2 13 125 0.620842 
85
142.6
0 12 101 0.76923 
1 14 125 0.628962 
2 13 113 0.695928 
86
160.4
0 12 101 0.776488 
1 14 118 0.670568 
2 14 125 0.635657 
87
177.7
0 12 101 0.781128 
1 13 114 0.691989 
2 14 129 0.622127 
88
186.2
0 12 101 0.784574 
1 14 123 0.655189 
2 13 115 0.69509 
89
193.3
0 12 101 0.789358 
1 14 129 0.623903 
2 13 120 0.667555 
90
195.3
0 12 101 0.793517 
1 12 102 0.784983 
2 14 132 0.613354 
91
195.8
0 12 101 0.791632 
1 12 102 0.782308 
2 13 120 0.672823 
92
197.0
0 12 101 0.785358 
1 12 101 0.785578 
2 13 121 0.662319 
93
197.0
0 12 101 0.785358 
1 13 116 0.684246 
2 12 106 0.744896 
94
197.0
0 12 101 0.785358 
1 12 102 0.771772 
2 13 112 0.706677 
95
197.0
0 12 101 0.785358 
1 13 110 0.724121 
2 13 126 0.634401 
96
195.2
0 13 126 0.634401 
1 15 153 0.547694 
2 14 143 0.578885 
97
155.9
0 13 126 0.646958 
1 14 145 0.57527 
2 15 146 0.566911 
98
49.8
0 13 126 0.667102 
1 13 127 0.659904 
2 13 126 0.663297 
99
9.6
0 13 126 0.686277 
1 15 152 0.581184 
2 13 130 0.673451 
100
9.9
0 13 126 0.717971 
1 13 131 0.691646 
2 13 129 0.703005 
101
9.7
0 13 126 0.750249 
1 14 142 0.672786 
2 14 143 0.665402 
102
26.4
0 13 126 0.769378 
1 15 154 0.639616 
2 14 132 0.738671 
103
73.9
0 13 126 0.748558 
1 13 129 0.730949 
2 15 151 0.645073 
104
60.2
0 13 126 0.726604 
1 13 128 0.711343 
2 14 139 0.66302 
105
41.5
0 13 128 0.689846 
1 13 130 0.679161 
2 13 135 0.655592 
106
37.0
0 13 128 0.673028 
1 13 128 0.673847 
2 15 158 0.555748 
107
43.9
0 13 128 0.663401 
1 13 128 0.661528 
2 14 145 0.590169 
108
46.7
0 13 128 0.659093 
1 13 130 0.6507 
2 13 137 0.619508 
109
42.1
0 13 137 0.621689 
1 14 161 0.534828 
2 15 163 0.524847 
110
36.2
0 13 137 0.623491 
1 14 150 0.575995 
2 15 161 0.536658 
111
35.9
0 13 137 0.628194 
1 13 141 0.609635 
2 14 144 0.59974 
112
65.9
0 13 137 0.639392 
1 14 152 0.576504 
2 14 149 0.585285 
113
111.8
0 14 152 0.588007 
1 16 179 0.500761 
2 16 184 0.487255 
114
140.6
0 16 184 0.497695 
1 17 199 0.462936 
2 16 189 0.487946 
115
145.9
0 16 184 0.509529 
1 16 190 0.49087 
2 17 206 0.459005 
116
151.4
0 16 184 0.52321 
1 17 203 0.47537 
2 16 193 0.496492 
117
147.4
0 16 184 0.532372 
1 17 198 0.501516 
2 17 205 0.486317 
118
193.2
0 16 184 0.537882 
1 17 202 0.50017 
2 17 205 0.489855 
119
194.7
0 16 184 0.542477 
1 17 200 0.506113 
2 17 207 0.498207 
120
197.0
0 16 184 0.554027 
1 17 200 0.512101 
2 17 211 0.488813 
121
196.2
0 16 184 0.554027 
1 16 187 0.553678 
2 17 204 0.511194 
122
111.3
0 16 184 0.55589 
1 16 188 0.545974 
2 17 197 0.522846 
123
15.0
0 16 184 0.560748 
1 18 211 0.493611 
2 18 215 0.489259 
124
12.4
0 16 184 0.573192 
1 16 185 0.57252 
2 18 212 0.502912 
125
12.4
0 16 184 0.58341 
1 18 211 0.517582 
2 17 209 0.524198 
126
16.0
0 16 184 0.593001 
1 18 212 0.520548 
2 16 193 0.5742 
127
28.6
0 16 184 0.600677 
1 16 185 0.593374 
2 16 191 0.580087 
128
89.9
0 16 184 0.604014 
1 17 202 0.553711 
2 16 188 0.594222 
129
146.5
0 17 202 0.556057 
1 19 231 0.490774 
2 19 248 0.457222 
130
137.1
0 17 202 0.558741 
1 18 221 0.514855 
2 19 236 0.482373 
131
173.5
0 17 202 0.56397 
1 18 218 0.525378 
2 18 225 0.508478 
132
174.4
0 17 202 0.571006 
1 17 204 0.56625 
2 18 220 0.53 
133
149.9
0 17 202 0.576038 
1 17 204 0.575404 
2 17 212 0.556345 
134
147.8
0 17 202 0.584829 
1 17 203 0.583318 
2 17 211 0.56242 
135
105.7
0 17 202 0.595555 
1 17 203 0.589836 
2 18 227 0.530089 
136
106.8
0 17 202 0.605031 
1 18 222 0.551841 
2 19 237 0.523435 
137
113.2
0 17 202 0.610525 
1 19 232 0.538778 
2 19 244 0.512792 
138
153.1
0 17 202 0.614903 
1 18 213 0.589175 
2 19 241 0.525842 
139
117.6
0 17 202 0.61905 
1 19 232 0.543839 
2 17 210 0.599573 
140
139.7
0 17 202 0.630872 
1 17 205 0.619944 
2 19 241 0.527961 
141
97.2
0 17 202 0.63753 
1 17 203 0.636631 
2 19 232 0.560316 
142
63.7
0 17 202 0.647274 
1 17 204 0.647812 
2 19 243 0.544019 
143
37.6
0 17 202 0.660871 
1 18 216 0.619792 
2 18 232 0.572963 
144
56.3
0 18 232 0.584277 
1 18 234 0.577569 
2 18 237 0.569716 
145
89.1
0 18 232 0.592933 
1 18 233 0.598984 
2 19 259 0.532393 
146
90.5
0 18 232 0.60391 
1 19 250 0.555855 
2 20 267 0.528786 
147
85.9
0 18 232 0.611848 
1 18 233 0.611793 
2 20 266 0.537554 
148
112.9
0 18 232 0.611725 
1 18 234 0.614655 
2 18 235 0.612389 
149
104.2
0 18 232 0.612637 
1 20 262 0.546967 
2 20 264 0.543918 
150
107.6
0 18 232 0.612416 
1 19 249 0.572379 
2 18 234 0.610664 
151
117.7
0 18 232 0.608886 
1 18 232 0.60885 
2 18 238 0.594458 
152
140.2
0 18 232 0.60993 
1 19 250 0.562873 
2 19 250 0.56291 
153
121.0
0 18 232 0.611027 
1 20 265 0.533047 
2 18 235 0.596255 
154
138.9
0 18 232 0.609324 
1 19 248 0.570645 
2 19 251 0.562248 
155
161.0
0 19 251 0.559813 
1 21 282 0.503645 
2 20 272 0.520538 
156
150.8
0 19 250 0.562003 
1 21 284 0.49628 
2 21 292 0.486049 
157
152.5
0 19 250 0.558426 
1 21 288 0.486183 
2 21 291 0.482925 
158
181.8
0 19 250 0.555726 
1 19 258 0.539692 
2 20 273 0.51049 
159
188.9
0 19 250 0.554435 
1 21 290 0.482406 
2 19 270 0.516339 
160
143.7
0 19 250 0.55496 
1 21 286 0.489261 
2 20 276 0.505941 
161
100.2
0 19 250 0.557694 
1 19 262 0.535074 
2 19 256 0.546245 
162
9.9
0 19 249 0.564611 
1 20 271 0.522164 
2 20 264 0.535955 
163
9.4
0 19 248 0.574218 
1 19 259 0.550699 
2 20 276 0.517055 
164
9.7
0 19 248 0.582857 
1 21 282 0.514583 
2 21 277 0.523573 
165
9.7
0 19 248 0.593916 
1 19 259 0.567815 
2 19 256 0.576768 
166
10.7
0 19 248 0.600184 
1 19 260 0.578765 
2 20 271 0.55453 
167
164.9
0 19 248 0.600126 
1 21 284 0.528615 
2 19 256 0.583451 
168
192.1
0 19 248 0.608435 
1 20 282 0.540876 
2 21 282 0.543072 
169
167.2
0 19 248 0.624219 
1 20 271 0.576187 
2 20 268 0.583633 
170
139.3
0 19 248 0.64875 
1 20 269 0.59736 
2 19 253 0.633228 
171
197.0
0 19 253 0.648645 
1 19 259 0.637868 
2 20 270 0.608831 
172
197.0
0 19 253 0.648645 
1 21 297 0.567461 
2 20 270 0.625305 
173
197.0
0 19 253 0.648645 
1 19 256 0.652145 
2 19 254 0.656052 
174
197.0
0 19 253 0.648645 
1 19 253 0.659571 
2 19 254 0.658795 
175
197.0
0 19 253 0.648645 
1 20 266 0.627302 
2 21 289 0.579976 
176
197.0
0 19 253 0.648645 
1 20 276 0.609703 
2 20 279 0.608041 
177
197.0
0 19 253 0.648645 
1 21 285 0.598182 
2 20 275 0.61473 
178
197.0
0 19 253 0.648645 
1 21 287 0.589623 
2 19 265 0.636688 
179
197.0
0 19 253 0.648645 
1 19 254 0.656859 
2 20 279 0.601893 
180
197.0
0 19 253 0.648645 
1 20 269 0.618282 
2 19 268 0.620932 
181
197.0
0 19 253 0.648645 
1 21 293 0.573492 
2 21 284 0.58992 
182
197.0
0 19 253 0.648645 
1 20 277 0.598268 
2 21 295 0.566608 
183
197.0
0 19 253 0.648645 
1 19 256 0.648511 
2 20 266 0.626318 
184
197.0
0 19 253 0.648645 
1 20 269 0.618396 
2 20 275 0.607326 
185
197.0
0 19 253 0.648645 
1 19 256 0.652073 
2 19 266 0.624411 
186
197.0
0 19 253 0.648645 
1 20 274 0.607609 
2 21 290 0.581424 
187
197.0
0 19 253 0.648645 
1 19 257 0.644813 
2 20 276 0.604571 
188
197.0
0 19 253 0.648645 
1 19 259 0.641046 
2 19 264 0.630727 
189
197.0
0 19 253 0.648645 
1 20 273 0.609032 
2 19 256 0.646472 
190
197.0
0 19 253 0.648645 
1 21 283 0.587764 
2 21 294 0.568359 
191
197.0
0 19 253 0.648645 
1 21 291 0.573006 
2 20 280 0.593657 
192
197.0
0 19 253 0.648645 
1 20 268 0.619063 
2 21 292 0.570362 
193
197.0
0 19 253 0.648645 
1 21 284 0.588694 
2 19 261 0.634778 
194
197.0
0 19 253 0.648645 
1 19 254 0.651013 
2 19 263 0.627602 
195
197.0
0 19 253 0.648645 
1 21 286 0.584885 
2 20 283 0.587582 
196
197.0
0 19 253 0.648645 
1 19 255 0.647114 
2 20 272 0.609899 
197
197.0
0 19 253 0.648645 
1 19 258 0.640818 
2 19 271 0.611192 
198
197.0
0 19 253 0.648645 
1 19 258 0.640702 
2 20 270 0.615543 
199
197.0
0 19 253 0.648645 
1 19 259 0.638182 
2 21 295 0.568553 
200
197.0
0 19 253 0.648645 
1 20 269 0.615627 
2 19 264 0.627799 
201
197.0
0 19 253 0.648645 
1 21 288 0.576855 
2 20 275 0.604605 
202
197.0
0 19 253 0.648645 
1 19 256 0.645873 
2 20 274 0.606862 
203
197.0
0 19 253 0.648645 
1 19 257 0.641894 
2 19 262 0.634191 
204
197.0
0 19 253 0.648645 
1 20 271 0.611838 
2 20 278 0.600619 
205
197.0
0 19 253 0.648645 
1 21 289 0.573316 
2 19 265 0.626191 
206
197.0
0 19 253 0.648645 
1 20 279 0.597666 
2 20 276 0.601672 
207
197.0
0 19 253 0.648645 
1 21 299 0.559799 
2 20 278 0.598547 
208
197.0
0 19 253 0.648645 
1 20 274 0.60389 
2 21 289 0.579104 
209
197.0
0 19 253 0.648645 
1 19 257 0.643742 
2 21 300 0.561427 
210
197.0
0 19 253 0.648645 
1 19 256 0.647171 
2 20 278 0.597659 
211
197.0
0 19 253 0.648645 
1 19 255 0.649013 
2 21 291 0.578096 
212
197.0
0 19 253 0.648645 
1 19 257 0.643018 
2 21 284 0.586045 
213
197.0
0 19 253 0.648645 
1 20 270 0.612694 
2 21 298 0.562859 
214
197.0
0 19 253 0.648645 
1 20 270 0.613837 
2 20 281 0.592353 
215
197.0
0 19 253 0.648645 
1 21 281 0.594607 
2 19 262 0.631256 
216
197.0
0 19 253 0.648645 
1 19 255 0.648195 
2 21 284 0.586352 
217
197.0
0 19 253 0.648645 
1 20 272 0.609514 
2 19 261 0.635438 
218
197.0
0 19 253 0.648645 
1 21 296 0.563204 
2 19 268 0.61921 
219
197.0
0 19 253 0.648645 
1 20 278 0.596778 
2 20 276 0.602384 
220
197.0
0 19 253 0.648645 
1 21 299 0.559852 
2 20 282 0.591215 
221
197.0
0 19 253 0.648645 
1 19 256 0.646752 
2 20 284 0.587107 
222
197.0
0 19 253 0.648645 
1 19 262 0.630841 
2 19 265 0.626935 
223
197.0
0 19 253 0.648645 
1 21 290 0.574682 
2 19 270 0.614485 
224
197.0
0 19 253 0.648645 
1 21 287 0.58194 
2 21 297 0.566519 
225
197.0
0 19 253 0.648645 
1 19 259 0.638932 
2 21 298 0.557387 
226
197.0
0 19 253 0.648645 
1 21 287 0.578901 
2 20 277 0.598929 
227
197.0
0 19 253 0.648645 
1 21 291 0.572693 
2 21 292 0.572612 
228
197.0
0 19 253 0.648645 
1 21 290 0.574591 
2 19 269 0.616998 
229
197.0
0 19 253 0.648645 
1 20 277 0.600944 
2 20 283 0.587266 
230
197.0
0 19 253 0.648645 
1 21 296 0.565112 
2 21 296 0.563767 
231
197.0
0 19 253 0.648645 
1 21 295 0.566905 
2 19 271 0.614013 
232
197.0
0 19 253 0.648645 
1 21 287 0.579139 
2 19 264 0.628259 
233
197.0
0 19 253 0.648645 
1 19 261 0.63521 
2 21 288 0.577852 
234
197.0
0 19 253 0.648645 
1 20 279 0.59727 
2 21 293 0.572649 
235
197.0
0 19 253 0.648645 
1 21 296 0.564849 
2 19 259 0.640698 
236
197.0
0 19 253 0.648645 
1 21 291 0.574977 
2 19 265 0.623917 
237
197.0
0 19 253 0.648645 
1 20 274 0.607485 
2 19 267 0.622311 
238
197.0
0 19 253 0.648645 
1 21 289 0.574749 
2 19 261 0.632188 
239
197.0
0 19 253 0.648645 
1 20 272 0.610669 
2 19 267 0.620537 
240
197.0
0 19 253 0.648645 
1 21 291 0.57211 
2 19 263 0.628842 
241
197.0
0 19 253 0.648645 
1 19 261 0.635 
2 20 282 0.591216 
242
197.0
0 19 253 0.648645 
1 19 262 0.629866 
2 19 269 0.617641 
243
197.0
0 19 253 0.648645 
1 21 290 0.575679 
2 21 295 0.562785 
244
197.0
0 19 253 0.648645 
1 19 263 0.629802 
2 19 263 0.629273 
245
197.0
0 19 253 0.648645 
1 20 273 0.609153 
2 19 263 0.628368 
246
197.0
0 19 253 0.648645 
1 20 274 0.611168 
2 19 262 0.631848 
247
197.0
0 19 253 0.648645 
1 20 272 0.611062 
2 20 277 0.604943 
248
197.0
0 19 253 0.648645 
1 21 281 0.594183 
2 19 264 0.626969 
249
197.0
0 19 253 0.648645 
1 20 267 0.618003 
2 21 301 0.556926 
250
197.0
0 19 253 0.648645 
1 19 253 0.651034 
2 19 272 0.611899 
251
197.0
0 19 253 0.648645 
1 21 280 0.593126 
2 20 281 0.591523 
252
197.0
0 19 253 0.648645 
1 19 254 0.650165 
2 19 259 0.63817 
253
197.0
0 19 253 0.648645 
1 21 286 0.583795 
2 21 295 0.5661 
254
197.0
0 19 253 0.648645 
1 19 255 0.648862 
2 19 262 0.632898 
255
197.0
0 19 253 0.648645 
1 19 253 0.65175 
2 21 301 0.555956 
256
197.0
0 19 253 0.648645 
1 19 254 0.650782 
2 19 265 0.626417 
257
197.0
0 19 253 0.648645 
1 20 268 0.617736 
2 20 278 0.596004 
258
197.0
0 19 253 0.648645 
1 20 272 0.612203 
2 19 268 0.618574 
259
197.0
0 19 253 0.648645 
1 20 266 0.623225 
2 19 265 0.626759 
260
197.0
0 19 253 0.648645 
1 21 284 0.586698 
2 20 277 0.605624 
261
197.0
0 19 253 0.648645 
1 19 258 0.640144 
2 21 288 0.578887 
262
197.0
0 19 253 0.648645 
1 21 284 0.587687 
2 19 261 0.6351 
263
197.0
0 19 253 0.648645 
1 20 278 0.597396 
2 19 266 0.622428 
264
197.0
0 19 253 0.648645 
1 20 274 0.60733 
2 21 298 0.56249 
265
197.0
0 19 253 0.648645 
1 20 273 0.60767 
2 20 276 0.604894 
266
197.0
0 19 253 0.648645 
1 20 271 0.61235 
2 20 275 0.603584 
267
197.0
0 19 253 0.648645 
1 20 269 0.618065 
2 19 265 0.625896 
268
197.0
0 19 253 0.648645 
1 20 276 0.603956 
2 21 291 0.573458 
269
197.0
0 19 253 0.648645 
1 19 257 0.644135 
2 20 283 0.587816 
270
197.0
0 19 253 0.648645 
1 20 271 0.614388 
2 20 287 0.582741 
271
197.0
0 19 253 0.648645 
1 20 272 0.610016 
2 19 266 0.622567 
272
197.0
0 19 253 0.648645 
1 20 276 0.601231 
2 21 286 0.579225 
273
197.0
0 19 253 0.648645 
1 21 288 0.58056 
2 21 295 0.568702 
274
197.0
0 19 253 0.648645 
1 19 259 0.637003 
2 20 282 0.590794 
275
197.0
0 19 253 0.648645 
1 19 256 0.646607 
2 20 281 0.594596 
276
197.0
0 19 253 0.648645 
1 20 271 0.61285 
2 21 294 0.571049 
277
197.0
0 19 253 0.648645 
1 21 288 0.577648 
2 20 278 0.599857 
278
197.0
0 19 253 0.648645 
1 20 268 0.620121 
2 19 262 0.633074 
279
197.0
0 19 253 0.648645 
1 19 258 0.640729 
2 21 300 0.558589 
280
197.0
0 19 253 0.648645 
1 20 276 0.603452 
2 20 279 0.596882 
281
197.0
0 19 253 0.648645 
1 20 272 0.609387 
2 19 263 0.630947 
282
197.0
0 19 253 0.648645 
1 19 260 0.637263 
2 20 280 0.597608 
283
197.0
0 19 253 0.648645 
1 19 256 0.645409 
2 20 282 0.59153 
284
197.0
0 19 253 0.648645 
1 20 272 0.609214 
2 20 275 0.606109 
285
197.0
0 19 253 0.648645 
1 19 254 0.652741 
2 19 265 0.624612 
286
197.0
0 19 253 0.648645 
1 21 293 0.565999 
2 20 279 0.597763 
287
197.0
0 19 253 0.648645 
1 21 291 0.574092 
2 19 269 0.616274 
288
197.0
0 19 253 0.648645 
1 20 267 0.621334 
2 19 268 0.619716 
289
197.0
0 19 253 0.648645 
1 21 284 0.583942 
2 19 265 0.626271 
290
197.0
0 19 253 0.648645 
1 19 256 0.644988 
2 19 259 0.639172 
291
197.0
0 19 253 0.648645 
1 20 274 0.606467 
2 20 287 0.58345 
292
197.0
0 19 253 0.648645 
1 21 297 0.563172 
2 20 280 0.593926 
293
197.0
0 19 253 0.648645 
1 20 271 0.613631 
2 19 261 0.632774 
294
197.0
0 19 253 0.648645 
1 19 258 0.640441 
2 20 282 0.592864 
295
197.0
0 19 253 0.648645 
1 20 275 0.603397 
2 19 265 0.624065 
296
197.0
0 19 253 0.648645 
1 19 259 0.636474 
2 20 279 0.597069 
297
197.0
0 19 253 0.648645 
1 20 272 0.610351 
2 19 266 0.62312 
298
197.0
0 19 253 0.648645 
1 19 259 0.639654 
2 21 298 0.564256 
299
197.0
0 19 253 0.648645 
1 20 270 0.613852 
2 21 294 0.569025 
300
197.0
0 19 253 0.648645 
1 21 283 0.585823 
2 20 280 0.59473 
301
197.0
0 19 253 0.648645 
1 20 267 0.619964 
2 19 266 0.622311 
302
197.0
0 19 253 0.648645 
1 20 275 0.603242 
2 19 265 0.623546 
303
197.0
0 19 253 0.648645 
1 19 258 0.64289 
2 19 270 0.613959 
304
197.0
0 19 253 0.648645 
1 19 256 0.645447 
2 21 286 0.582134 
305
197.0
0 19 253 0.648645 
1 19 256 0.64401 
2 20 284 0.584949 
306
197.0
0 19 253 0.648645 
1 20 273 0.608064 
2 20 282 0.5907 
307
197.0
0 19 253 0.648645 
1 19 256 0.644521 
2 20 279 0.598666 
308
197.0
0 19 253 0.648645 
1 21 287 0.578579 
2 20 279 0.595094 
309
197.0
0 19 253 0.648645 
1 19 254 0.650281 
2 21 300 0.5587 
310
197.0
0 19 253 0.648645 
1 21 286 0.582129 
2 21 292 0.571431 
311
197.0
0 19 253 0.648645 
1 20 270 0.614414 
2 21 302 0.554534 
312
197.0
0 19 253 0.648645 
1 20 269 0.616928 
2 21 299 0.558516 
313
197.0
0 19 253 0.648645 
1 21 279 0.596644 
2 21 289 0.573966 
314
197.0
0 19 253 0.648645 
1 20 269 0.615643 
2 21 294 0.566391 
315
197.0
0 19 253 0.648645 
1 20 270 0.614449 
2 21 297 0.563203 
316
197.0
0 19 253 0.648645 
1 19 254 0.648971 
2 19 271 0.610661 
317
197.0
0 19 253 0.648645 
1 19 253 0.65112 
2 19 269 0.615778 
318
197.0
0 19 253 0.648645 
1 20 269 0.615484 
2 19 262 0.629872 
319
197.0
0 19 253 0.648645 
1 21 282 0.587655 
2 20 278 0.597965 
320
197.0
0 19 253 0.648645 
1 21 285 0.58232 
2 21 294 0.565025 
321
197.0
0 19 253 0.648645 
1 21 282 0.590952 
2 19 264 0.628346 
322
197.0
0 19 253 0.648645 
1 19 254 0.650862 
2 20 282 0.588692 
323
197.0
0 19 253 0.648645 
1 19 253 0.650633 
2 20 283 0.587609 
324
197.0
0 19 253 0.648645 
1 21 280 0.59387 
2 20 283 0.590421 
325
197.0
0 19 253 0.648645 
1 21 275 0.603524 
2 19 271 0.613777 
326
197.0
0 19 253 0.648645 
1 21 278 0.594638 
2 19 270 0.614676 
