0
19.6
0 1 4 0.0573544 
1 0 0 0 
2 0 0 0 
1
21.5
0 0 0 0 
1 0 0 0 
2 0 0 0 
2
27.0
0 0 0 0 
1 1 4 0.0407853 
2 0 0 0 
3
25.8
0 0 0 0 
1 1 6 0.0649437 
2 1 6 0.0358742 
4
24.2
0 1 6 0.102753 
1 2 13 0.0652887 
2 1 6 0.116013 
5
19.4
0 1 6 0.157148 
1 1 6 0.158658 
2 2 10 0.113709 
6
16.5
0 1 6 0.208096 
1 2 10 0.128673 
2 1 6 0.206907 
7
19.1
0 1 6 0.267594 
1 1 6 0.265583 
2 2 13 0.150424 
8
16.9
0 1 6 0.321985 
1 1 6 0.328309 
2 2 12 0.170932 
9
15.2
0 1 6 0.369388 
1 2 11 0.232702 
2 1 6 0.380959 
10
14.6
0 1 6 0.427426 
1 2 11 0.244785 
2 1 6 0.437617 
11
13.3
0 1 6 0.479366 
1 2 12 0.287058 
2 1 6 0.487863 
12
18.2
0 2 12 0.322662 
1 2 12 0.330902 
2 2 12 0.332693 
13
15.5
0 2 12 0.35625 
1 3 19 0.252661 
2 2 12 0.367714 
14
17.2
0 2 12 0.409781 
1 3 19 0.260184 
2 3 17 0.307732 
15
16.4
0 2 12 0.442163 
1 2 12 0.445455 
2 2 12 0.448232 
16
15.0
0 2 12 0.473072 
1 2 12 0.477101 
2 3 20 0.301075 
17
15.8
0 3 20 0.334819 
1 3 21 0.322201 
2 3 20 0.338294 
18
15.1
0 3 21 0.359284 
1 3 21 0.356558 
2 3 21 0.359047 
19
14.6
0 3 21 0.392587 
1 3 21 0.396336 
2 3 21 0.395213 
20
12.5
0 3 21 0.438183 
1 4 27 0.346553 
2 3 21 0.435461 
21
11.3
0 3 21 0.473838 
1 3 21 0.478581 
2 3 21 0.474502 
22
11.4
0 3 21 0.518447 
1 4 28 0.404862 
2 4 28 0.401164 
23
10.9
0 4 28 0.452035 
1 5 37 0.364512 
2 6 40 0.330821 
24
10.3
0 5 37 0.412897 
1 7 50 0.312728 
2 5 37 0.412509 
25
9.7
0 5 37 0.462633 
1 6 44 0.399981 
2 7 57 0.32069 
26
9.5
0 6 44 0.443552 
1 7 53 0.38362 
2 6 44 0.4488 
27
9.7
0 6 44 0.488067 
1 7 53 0.413182 
2 8 62 0.359244 
28
9.9
0 8 62 0.387681 
1 9 76 0.327621 
2 8 63 0.385105 
29
9.5
0 8 62 0.413986 
1 8 63 0.409398 
2 8 62 0.41859 
30
9.7
0 8 62 0.436712 
1 10 84 0.33911 
2 9 70 0.39316 
31
9.7
0 9 70 0.413824 
1 11 92 0.326596 
2 11 91 0.323552 
32
10.0
0 11 92 0.34377 
1 11 93 0.340953 
2 12 104 0.307472 
33
9.9
0 11 93 0.357069 
1 11 94 0.352388 
2 11 94 0.35603 
34
10.0
0 11 93 0.369423 
1 11 95 0.364223 
2 12 102 0.339689 
35
10.6
0 11 95 0.374277 
1 11 96 0.370347 
2 11 95 0.377914 
36
14.0
0 11 95 0.388006 
1 11 97 0.381075 
2 13 120 0.314318 
37
11.1
0 13 119 0.330332 
1 13 126 0.312776 
2 15 143 0.282054 
38
22.3
0 13 119 0.342879 
1 14 134 0.308679 
2 13 120 0.339376 
39
23.5
0 13 120 0.347318 
1 14 134 0.315258 
2 15 150 0.28487 
40
24.2
0 14 134 0.323135 
1 14 135 0.320755 
2 15 149 0.293331 
41
30.8
0 15 149 0.299126 
1 15 149 0.300584 
2 15 150 0.297435 
42
27.0
0 15 149 0.305795 
1 15 151 0.301633 
2 16 161 0.286768 
43
31.6
0 15 148 0.313982 
1 16 161 0.290349 
2 16 162 0.289473 
44
33.8
0 16 162 0.294038 
1 18 190 0.254745 
2 17 175 0.276958 
45
37.9
0 18 190 0.258977 
1 18 194 0.25595 
2 18 192 0.258729 
46
40.8
0 18 194 0.260326 
1 18 195 0.262847 
2 18 195 0.260913 
47
39.6
0 18 195 0.266982 
1 19 208 0.253774 
2 19 212 0.248664 
48
40.3
0 18 195 0.272486 
1 18 197 0.268821 
2 18 200 0.266472 
49
47.7
0 18 196 0.275641 
1 20 223 0.247294 
2 18 196 0.276669 
50
58.7
0 18 195 0.285521 
1 19 212 0.264847 
2 20 234 0.244209 
51
75.8
0 20 234 0.252945 
1 22 266 0.225626 
2 21 257 0.232372 
52
75.5
0 22 266 0.233466 
1 24 302 0.209182 
2 24 296 0.213486 
53
100.1
0 22 263 0.245012 
1 22 266 0.244613 
2 22 272 0.2369 
54
118.0
0 22 262 0.257802 
1 23 279 0.242906 
2 23 287 0.238697 
55
112.8
0 23 286 0.251459 
1 25 319 0.228166 
2 23 288 0.249986 
56
130.0
0 23 285 0.263767 
1 23 296 0.256063 
2 25 321 0.235264 
57
126.6
0 23 296 0.267735 
1 24 316 0.254007 
2 23 296 0.268785 
58
114.9
0 24 316 0.264761 
1 24 326 0.260379 
2 26 354 0.24463 
59
131.2
0 24 325 0.273133 
1 26 358 0.251766 
2 27 381 0.239298 
60
172.0
0 24 325 0.288111 
1 24 328 0.287623 
2 26 369 0.25872 
61
163.6
0 24 328 0.302012 
1 26 360 0.278111 
2 25 349 0.284858 
62
154.3
0 24 327 0.319143 
1 27 380 0.275585 
2 24 328 0.318595 
63
133.6
0 24 327 0.331613 
1 26 379 0.29455 
2 25 338 0.325645 
64
140.7
0 24 327 0.344548 
1 25 361 0.315213 
2 26 364 0.310655 
65
153.5
0 26 364 0.321463 
1 27 392 0.300014 
2 27 383 0.308242 
66
191.3
0 27 392 0.298184 
1 27 393 0.298189 
2 27 401 0.296484 
67
196.9
0 27 400 0.29817 
1 29 437 0.273293 
2 30 462 0.26057 
68
197.0
0 27 400 0.296895 
1 29 440 0.271615 
2 29 437 0.274421 
69
197.0
0 27 398 0.298387 
1 27 400 0.297202 
2 29 434 0.276211 
70
197.0
0 27 398 0.298387 
1 29 441 0.278954 
2 29 441 0.277116 
71
197.0
0 27 398 0.298387 
1 27 401 0.302344 
2 27 400 0.303281 
72
197.0
0 27 398 0.298387 
1 28 418 0.294159 
2 28 426 0.287735 
73
197.0
0 27 398 0.298387 
1 29 449 0.280674 
2 27 401 0.309117 
74
197.0
0 27 398 0.298387 
1 28 428 0.296905 
2 30 460 0.276479 
75
197.0
0 27 398 0.298387 
1 29 445 0.28458 
2 30 457 0.279287 
76
197.0
0 27 398 0.298387 
1 28 414 0.306954 
2 28 417 0.303961 
77
197.0
0 27 398 0.298387 
1 28 420 0.30462 
2 28 415 0.310327 
78
197.0
0 27 398 0.298387 
1 28 411 0.314201 
2 29 437 0.301327 
79
197.0
0 27 398 0.298387 
1 27 402 0.320124 
2 28 418 0.302412 
80
197.0
0 27 398 0.298387 
1 27 399 0.323601 
2 29 431 0.30086 
81
197.0
0 27 398 0.298387 
1 30 453 0.284748 
2 27 403 0.316394 
82
197.0
0 27 398 0.298387 
1 29 439 0.293781 
2 30 466 0.276986 
83
197.0
0 27 398 0.298387 
1 28 422 0.305004 
2 27 401 0.320293 
84
197.0
0 27 398 0.298387 
1 27 399 0.322227 
2 28 419 0.30396 
85
197.0
0 27 398 0.298387 
1 28 419 0.305629 
2 28 416 0.309861 
86
197.0
0 27 398 0.298387 
1 29 439 0.29366 
2 27 402 0.317939 
87
197.0
0 27 398 0.298387 
1 30 454 0.28533 
2 29 449 0.286386 
88
197.0
0 27 398 0.298387 
1 27 402 0.320259 
2 29 442 0.292793 
89
197.0
0 27 398 0.298387 
1 28 418 0.308618 
2 27 399 0.319116 
90
197.0
0 27 398 0.298387 
1 27 402 0.318898 
2 27 402 0.318368 
91
197.0
0 27 398 0.298387 
1 27 399 0.319689 
2 28 415 0.309628 
92
197.0
0 27 398 0.298387 
1 29 436 0.295745 
2 29 439 0.295321 
93
197.0
0 27 398 0.298387 
1 28 419 0.307599 
2 27 403 0.319646 
94
197.0
0 27 398 0.298387 
1 28 415 0.310349 
2 29 441 0.296378 
95
197.0
0 27 398 0.298387 
1 29 439 0.297688 
2 27 401 0.316148 
96
197.0
0 27 398 0.298387 
1 29 445 0.292141 
2 27 401 0.31946 
97
197.0
0 27 398 0.298387 
1 29 436 0.295599 
2 30 459 0.284333 
98
197.0
0 27 398 0.298387 
1 28 417 0.310588 
2 29 452 0.289399 
99
197.0
0 27 398 0.298387 
1 28 420 0.307546 
2 30 466 0.280244 
100
197.0
0 27 398 0.298387 
1 27 401 0.317106 
2 27 409 0.315261 
101
197.0
0 27 398 0.298387 
1 29 437 0.297186 
2 27 399 0.321184 
102
197.0
0 27 398 0.298387 
1 28 420 0.306815 
2 27 406 0.315391 
103
197.0
0 27 398 0.298387 
1 30 459 0.278857 
2 27 399 0.320863 
104
197.0
0 27 398 0.298387 
1 29 445 0.286761 
2 29 435 0.297906 
105
197.0
0 27 398 0.298387 
1 28 415 0.30892 
2 28 421 0.304788 
106
197.0
0 27 398 0.298387 
1 27 400 0.31822 
2 27 407 0.315658 
107
197.0
0 27 398 0.298387 
1 29 438 0.293159 
2 28 423 0.304787 
108
197.0
0 27 398 0.298387 
1 28 421 0.304281 
2 28 418 0.308662 
109
197.0
0 27 398 0.298387 
1 29 440 0.293356 
2 28 419 0.305382 
110
197.0
0 27 398 0.298387 
1 30 465 0.277774 
2 28 417 0.30725 
111
197.0
0 27 398 0.298387 
1 27 398 0.322363 
2 27 406 0.316465 
112
197.0
0 27 398 0.298387 
1 27 402 0.320997 
2 30 446 0.295095 
113
197.0
0 27 398 0.298387 
1 28 421 0.304334 
2 29 434 0.297345 
114
197.0
0 27 398 0.298387 
1 28 418 0.306495 
2 28 417 0.306009 
115
197.0
0 27 398 0.298387 
1 27 400 0.320325 
2 28 422 0.303118 
116
197.0
0 27 398 0.298387 
1 29 433 0.30017 
2 29 442 0.291717 
117
197.0
0 27 398 0.298387 
1 30 463 0.281628 
2 29 428 0.297331 
118
197.0
0 27 398 0.298387 
1 28 417 0.305809 
2 27 401 0.318463 
119
197.0
0 27 398 0.298387 
1 28 422 0.303399 
2 30 460 0.280384 
120
197.0
0 27 398 0.298387 
1 29 438 0.291957 
2 29 441 0.2903 
121
197.0
0 27 398 0.298387 
1 28 420 0.304579 
2 30 462 0.282231 
