0
23.7
0 1 6 0.0470519 
1 1 4 0.0102986 
2 0 0 0 
1
20.0
0 1 6 0.0723717 
1 1 6 0.0812272 
2 1 6 0.0845827 
2
31.9
0 1 6 0.100042 
1 2 12 0.0704914 
2 1 6 0.103789 
3
18.3
0 1 6 0.113544 
1 1 6 0.118115 
2 1 6 0.117215 
4
22.3
0 1 6 0.127001 
1 2 11 0.103886 
2 1 6 0.130244 
5
23.9
0 1 6 0.143504 
1 2 13 0.103328 
2 2 11 0.0920606 
6
16.4
0 2 11 0.120682 
1 3 17 0.0918012 
2 2 11 0.129541 
7
19.5
0 2 11 0.163245 
1 3 19 0.110103 
2 3 16 0.139118 
8
18.9
0 2 11 0.210704 
1 3 18 0.147867 
2 2 11 0.220999 
9
15.0
0 2 11 0.270095 
1 2 11 0.269172 
2 3 19 0.165616 
10
15.3
0 2 11 0.308865 
1 3 18 0.218461 
2 3 18 0.202165 
11
14.2
0 2 11 0.349391 
1 2 11 0.355617 
2 2 11 0.358272 
12
14.3
0 2 11 0.40507 
1 3 17 0.273052 
2 3 16 0.280733 
13
13.0
0 2 11 0.43505 
1 3 18 0.291149 
2 3 17 0.296005 
14
13.3
0 3 17 0.317208 
1 4 24 0.246393 
2 3 19 0.287657 
15
11.6
0 3 17 0.34491 
1 3 17 0.349318 
2 3 20 0.294855 
16
12.2
0 3 20 0.318612 
1 4 30 0.2243 
2 3 20 0.313157 
17
11.8
0 3 20 0.333212 
1 3 20 0.340408 
2 4 24 0.291634 
18
10.8
0 3 20 0.354863 
1 4 27 0.276889 
2 3 20 0.363208 
19
11.5
0 3 20 0.372164 
1 4 24 0.32071 
2 5 31 0.253758 
20
10.8
0 5 31 0.275729 
1 6 38 0.231577 
2 5 31 0.27172 
21
13.2
0 6 38 0.248554 
1 6 38 0.251058 
2 6 38 0.247313 
22
11.8
0 6 38 0.269125 
1 6 38 0.27353 
2 7 46 0.225111 
23
13.6
0 6 38 0.286319 
1 6 38 0.292151 
2 8 53 0.220411 
24
23.3
0 8 53 0.237734 
1 10 77 0.177905 
2 9 63 0.208486 
25
27.4
0 8 53 0.257938 
1 8 53 0.262759 
2 10 73 0.200211 
26
21.0
0 10 73 0.221131 
1 10 75 0.218836 
2 11 84 0.196167 
27
28.2
0 10 74 0.243363 
1 10 81 0.230685 
2 12 92 0.204775 
28
42.9
0 12 92 0.22805 
1 12 94 0.22458 
2 14 118 0.191602 
29
44.6
0 12 93 0.249961 
1 14 111 0.214654 
2 12 93 0.252258 
30
45.1
0 14 111 0.232134 
1 15 129 0.206276 
2 15 127 0.210509 
31
48.2
0 15 127 0.229694 
1 17 156 0.196388 
2 16 150 0.204394 
32
56.9
0 16 150 0.227327 
1 17 168 0.207782 
2 16 150 0.22663 
33
55.5
0 17 167 0.230104 
1 18 193 0.203533 
2 19 197 0.198978 
34
31.8
0 18 193 0.219651 
1 19 212 0.20532 
2 19 210 0.206898 
35
64.2
0 18 193 0.235275 
1 20 219 0.214536 
2 20 219 0.213182 
36
37.8
0 20 218 0.231433 
1 21 236 0.215183 
2 21 232 0.219523 
37
56.1
0 20 218 0.244793 
1 22 255 0.209699 
2 22 248 0.218248 
38
51.0
0 22 248 0.225901 
1 22 250 0.226621 
2 24 282 0.207011 
39
65.6
0 22 248 0.238226 
1 22 249 0.235628 
2 24 286 0.207282 
40
73.9
0 22 248 0.245256 
1 22 252 0.241171 
2 23 279 0.220694 
41
74.0
0 22 252 0.248154 
1 23 271 0.2331 
2 22 259 0.240754 
42
80.6
0 22 257 0.250275 
1 24 299 0.221556 
2 24 290 0.22562 
43
138.6
0 24 290 0.235326 
1 25 324 0.214565 
2 26 333 0.20924 
44
128.2
0 26 331 0.22303 
1 26 333 0.223332 
2 27 371 0.203309 
45
115.9
0 26 330 0.235892 
1 28 369 0.21579 
2 27 361 0.217496 
46
149.8
0 26 328 0.247948 
1 28 367 0.225748 
2 26 344 0.240126 
47
151.3
0 28 367 0.236968 
1 29 388 0.230317 
2 29 407 0.219897 
48
117.4
0 28 367 0.250514 
1 28 369 0.250978 
2 30 427 0.220957 
49
161.4
0 30 425 0.23929 
1 30 428 0.237535 
2 30 434 0.234162 
50
140.3
0 30 434 0.251552 
1 33 510 0.219814 
2 32 479 0.238415 
51
122.1
0 33 505 0.244442 
1 36 586 0.216654 
2 36 595 0.20983 
52
176.3
0 36 585 0.22618 
1 37 634 0.206435 
2 37 646 0.206348 
53
165.2
0 36 584 0.230771 
1 39 669 0.209421 
2 36 623 0.218823 
54
84.4
0 36 583 0.241314 
1 39 681 0.214381 
2 39 679 0.211297 
55
21.4
0 39 674 0.224971 
1 41 730 0.219282 
2 41 748 0.211925 
56
11.9
0 39 673 0.243964 
1 41 738 0.230622 
2 41 752 0.232162 
57
9.9
0 39 671 0.266634 
1 39 685 0.263209 
2 39 702 0.252695 
58
10.8
0 39 683 0.29199 
1 41 764 0.250779 
2 39 711 0.274259 
59
9.7
0 41 761 0.267414 
1 41 772 0.265312 
2 44 871 0.247464 
60
96.2
0 41 759 0.272861 
1 43 821 0.255019 
2 41 776 0.271181 
61
197.0
0 43 820 0.269272 
1 44 870 0.247381 
2 45 910 0.235242 
62
197.0
0 43 820 0.269272 
1 43 837 0.280152 
2 46 939 0.260854 
63
197.0
0 43 820 0.269272 
1 43 838 0.271819 
2 46 936 0.247754 
64
197.0
0 43 820 0.269272 
1 43 833 0.270536 
2 43 841 0.270741 
65
197.0
0 43 820 0.269272 
1 45 891 0.248838 
2 45 900 0.246993 
66
197.0
0 43 820 0.269272 
1 43 837 0.261793 
2 43 844 0.265926 
67
197.0
0 43 820 0.269272 
1 43 834 0.271946 
2 46 925 0.240161 
68
197.0
0 43 820 0.269272 
1 46 908 0.243372 
2 44 866 0.253178 
69
197.0
0 43 820 0.269272 
1 44 870 0.252869 
2 44 870 0.252893 
70
197.0
0 43 820 0.269272 
1 44 861 0.261694 
2 43 844 0.27108 
71
197.0
0 43 820 0.269272 
1 43 833 0.269452 
2 43 854 0.264293 
72
197.0
0 43 820 0.269272 
1 46 928 0.246158 
2 45 908 0.248378 
73
197.0
0 43 820 0.269272 
1 46 912 0.245725 
2 45 900 0.248344 
74
197.0
0 43 820 0.269272 
1 43 835 0.266618 
2 45 900 0.244776 
75
197.0
0 43 820 0.269272 
1 45 884 0.251619 
2 43 845 0.259805 
76
197.0
0 43 820 0.269272 
1 45 877 0.253959 
2 43 850 0.261555 
77
197.0
0 43 820 0.269272 
1 44 863 0.256369 
2 43 850 0.254493 
78
197.0
0 43 820 0.269272 
1 43 832 0.260889 
2 44 872 0.254347 
79
197.0
0 43 820 0.269272 
1 43 832 0.268083 
2 44 866 0.251566 
80
197.0
0 43 820 0.269272 
1 46 919 0.241091 
2 43 853 0.26136 
81
197.0
0 43 820 0.269272 
1 43 832 0.263306 
2 44 873 0.254926 
82
197.0
0 43 820 0.269272 
1 43 838 0.267373 
2 43 848 0.259239 
83
197.0
0 43 820 0.269272 
1 43 834 0.261012 
2 46 929 0.240756 
84
197.0
0 43 820 0.269272 
1 45 880 0.249076 
2 44 860 0.250806 
85
197.0
0 43 820 0.269272 
1 46 911 0.243193 
2 43 843 0.258682 
86
197.0
0 43 820 0.269272 
1 46 921 0.23966 
2 45 898 0.248868 
87
197.0
0 43 820 0.269272 
1 43 830 0.270059 
2 46 936 0.240205 
88
197.0
0 43 820 0.269272 
1 45 883 0.252527 
2 45 893 0.249639 
89
197.0
0 43 820 0.269272 
1 43 830 0.267759 
2 46 916 0.244946 
90
197.0
0 43 820 0.269272 
1 43 831 0.262475 
2 43 839 0.290586 
91
197.0
0 43 820 0.269272 
1 43 828 0.272273 
2 45 887 0.25617 
92
197.0
0 43 820 0.269272 
1 45 887 0.251553 
2 44 870 0.26206 
93
197.0
0 43 820 0.269272 
1 43 829 0.267006 
2 44 866 0.255635 
94
197.0
0 43 820 0.269272 
1 45 880 0.253016 
2 45 891 0.247464 
95
197.0
0 43 820 0.269272 
1 45 875 0.252254 
2 45 886 0.252022 
96
197.0
0 43 820 0.269272 
1 46 907 0.243473 
2 43 857 0.281572 
97
197.0
0 43 820 0.269272 
1 45 889 0.250848 
2 47 952 0.24151 
98
197.0
0 43 820 0.269272 
1 46 915 0.240234 
2 46 930 0.23781 
99
197.0
0 43 820 0.269272 
1 44 857 0.259976 
2 43 842 0.261263 
100
197.0
0 43 820 0.269272 
1 44 860 0.259614 
2 44 876 0.258246 
101
197.0
0 43 820 0.269272 
1 46 917 0.243932 
2 43 844 0.262876 
102
197.0
0 43 820 0.269272 
1 46 912 0.246217 
2 45 899 0.247943 
103
197.0
0 43 820 0.269272 
1 43 832 0.264081 
2 43 840 0.267738 
104
197.0
0 43 820 0.269272 
1 45 884 0.247871 
2 45 901 0.247885 
105
197.0
0 43 820 0.269272 
1 45 889 0.25789 
2 44 874 0.258486 
106
197.0
0 43 820 0.269272 
1 43 834 0.266799 
2 46 928 0.239964 
107
197.0
0 43 820 0.269272 
1 45 889 0.253057 
2 44 872 0.257336 
108
197.0
0 43 820 0.269272 
1 46 918 0.250192 
2 43 856 0.256725 
109
197.0
0 43 820 0.269272 
1 43 832 0.270958 
2 43 846 0.261325 
110
197.0
0 43 820 0.269272 
1 43 830 0.261409 
2 44 879 0.251278 
111
197.0
0 43 820 0.269272 
1 44 856 0.260054 
2 44 872 0.255988 
112
197.0
0 43 820 0.269272 
1 43 832 0.269331 
2 44 867 0.258626 
113
197.0
0 43 820 0.269272 
1 46 910 0.24289 
2 46 925 0.239926 
114
197.0
0 43 820 0.269272 
1 44 860 0.25824 
2 45 914 0.242819 
115
197.0
0 43 820 0.269272 
1 44 861 0.255191 
2 45 901 0.24935 
116
197.0
0 43 820 0.269272 
1 43 832 0.266397 
2 45 904 0.24739 
117
197.0
0 43 820 0.269272 
1 47 940 0.239099 
2 44 874 0.251928 
118
197.0
0 43 820 0.269272 
1 43 836 0.274071 
2 43 859 0.256655 
119
197.0
0 43 820 0.269272 
1 45 891 0.248853 
2 43 855 0.260861 
120
197.0
0 43 820 0.269272 
1 47 947 0.239445 
2 46 930 0.241291 
121
197.0
0 43 820 0.269272 
1 44 867 0.261083 
2 43 842 0.267162 
122
197.0
0 43 820 0.269272 
1 45 898 0.246531 
2 46 940 0.238835 
123
197.0
0 43 820 0.269272 
1 46 927 0.237539 
2 45 913 0.242079 
124
197.0
0 43 820 0.269272 
1 43 842 0.267418 
2 43 860 0.256032 
125
197.0
0 43 820 0.269272 
1 44 870 0.253943 
2 43 854 0.257272 
126
197.0
0 43 820 0.269272 
1 44 865 0.25424 
2 45 911 0.248413 
127
197.0
0 43 820 0.269272 
1 46 919 0.241023 
2 43 847 0.258796 
128
197.0
0 43 820 0.269272 
1 43 839 0.262735 
2 43 865 0.25294 
129
197.0
0 43 820 0.269272 
1 45 893 0.245127 
2 45 907 0.241117 
130
197.0
0 43 820 0.269272 
1 45 889 0.2464 
2 46 939 0.233968 
131
197.0
0 43 820 0.269272 
1 45 884 0.249057 
2 45 912 0.244097 
132
197.0
0 43 820 0.269272 
1 45 884 0.253272 
2 45 902 0.24607 
133
197.0
0 43 820 0.269272 
1 44 867 0.254026 
2 43 867 0.254031 
134
197.0
0 43 820 0.269272 
1 43 836 0.262993 
2 44 900 0.242766 
135
197.0
0 43 820 0.269272 
1 44 869 0.254989 
2 44 884 0.260529 
136
197.0
0 43 820 0.269272 
1 47 953 0.236421 
2 45 899 0.246975 
137
197.0
0 43 820 0.269272 
1 43 835 0.267752 
2 43 871 0.254437 
138
197.0
0 43 820 0.269272 
1 43 843 0.262071 
2 45 908 0.242241 
139
197.0
0 43 820 0.269272 
1 46 927 0.238388 
2 44 883 0.252722 
140
197.0
0 43 820 0.269272 
1 43 831 0.267967 
2 44 889 0.255779 
141
197.0
0 43 820 0.269272 
1 44 854 0.262471 
2 46 945 0.237242 
142
197.0
0 43 820 0.269272 
1 43 830 0.26895 
2 45 914 0.243691 
143
197.0
0 43 820 0.269272 
1 45 894 0.248921 
2 43 871 0.250825 
144
197.0
0 43 820 0.269272 
1 43 836 0.266283 
2 44 911 0.24545 
145
197.0
0 43 820 0.269272 
1 44 866 0.255786 
2 46 954 0.239298 
146
197.0
0 43 820 0.269272 
1 46 913 0.241029 
2 47 980 0.229144 
147
197.0
0 43 820 0.269272 
1 46 923 0.240591 
2 44 903 0.244175 
148
197.0
0 43 820 0.269272 
1 45 891 0.27032 
2 46 951 0.236876 
149
197.0
0 43 820 0.269272 
1 45 894 0.249588 
2 46 949 0.238501 
150
197.0
0 43 820 0.269272 
1 44 860 0.25508 
2 44 901 0.244427 
151
197.0
0 43 820 0.269272 
1 44 863 0.258745 
2 43 880 0.252291 
152
197.0
0 43 820 0.269272 
1 44 856 0.257244 
2 45 937 0.238741 
153
197.0
0 43 820 0.269272 
1 43 832 0.26038 
2 44 896 0.248319 
154
197.0
0 43 820 0.269272 
1 46 909 0.245233 
2 46 941 0.238331 
155
197.0
0 43 820 0.269272 
1 46 912 0.248095 
2 46 952 0.237617 
156
197.0
0 43 820 0.269272 
1 45 878 0.252781 
2 47 986 0.228844 
157
197.0
0 43 820 0.269272 
1 43 833 0.264755 
2 45 917 0.245098 
158
197.0
0 43 820 0.269272 
1 44 863 0.256422 
2 43 879 0.253423 
159
197.0
0 43 820 0.269272 
1 43 829 0.267883 
2 43 887 0.25476 
160
197.0
0 43 820 0.269272 
1 46 930 0.242852 
2 43 873 0.252535 
161
197.0
0 43 820 0.269272 
1 44 858 0.256313 
2 45 927 0.242167 
162
197.0
0 43 820 0.269272 
1 44 858 0.25651 
2 47 980 0.22988 
163
197.0
0 43 820 0.269272 
1 46 922 0.24311 
2 43 874 0.252374 
164
197.0
0 43 820 0.269272 
1 43 830 0.266426 
2 47 980 0.228964 
165
197.0
0 43 820 0.269272 
1 44 867 0.253212 
2 43 876 0.252126 
166
197.0
0 43 820 0.269272 
1 44 867 0.252036 
2 45 927 0.246014 
167
197.0
0 43 820 0.269272 
1 43 833 0.266457 
2 47 975 0.229753 
168
197.0
0 43 820 0.269272 
1 45 888 0.254704 
2 44 899 0.246475 
169
197.0
0 43 820 0.269272 
1 45 893 0.249363 
2 46 942 0.235844 
170
197.0
0 43 820 0.269272 
1 43 835 0.26295 
2 45 938 0.234048 
171
197.0
0 43 820 0.269272 
1 47 942 0.234321 
2 45 930 0.241731 
172
197.0
0 43 820 0.269272 
1 46 912 0.248434 
2 47 976 0.229767 
173
197.0
0 43 820 0.269272 
1 46 909 0.241413 
2 45 930 0.235605 
174
197.0
0 43 820 0.269272 
1 46 916 0.243773 
2 46 961 0.233078 
175
197.0
0 43 820 0.269272 
1 46 916 0.243754 
2 46 966 0.234192 
176
197.0
0 43 820 0.269272 
1 45 885 0.250068 
2 45 931 0.240784 
177
197.0
0 43 820 0.269272 
1 47 939 0.237312 
2 43 873 0.254073 
178
197.0
0 43 820 0.269272 
1 43 832 0.264062 
2 45 932 0.2387 
179
197.0
0 43 820 0.269272 
1 43 831 0.265968 
2 45 927 0.251572 
180
197.0
0 43 820 0.269272 
1 46 911 0.244634 
2 45 933 0.243467 
181
197.0
0 43 820 0.269272 
1 45 887 0.250681 
2 46 957 0.236313 
182
197.0
0 43 820 0.269272 
1 45 875 0.252339 
2 43 879 0.253376 
183
197.0
0 43 820 0.269272 
1 44 849 0.267219 
2 45 931 0.240747 
184
197.0
0 43 820 0.269272 
1 46 929 0.239444 
2 44 900 0.251831 
185
197.0
0 43 820 0.269272 
1 45 892 0.24895 
2 44 897 0.269056 
186
197.0
0 43 820 0.269272 
1 44 862 0.262005 
2 45 921 0.24183 
187
197.0
0 43 820 0.269272 
1 43 838 0.261898 
2 44 898 0.252557 
188
197.0
0 43 820 0.269272 
1 46 907 0.248198 
2 44 894 0.250367 
189
197.0
0 43 820 0.269272 
1 43 835 0.268944 
2 44 904 0.251043 
190
197.0
0 43 820 0.269272 
1 45 878 0.257122 
2 43 872 0.252697 
191
197.0
0 43 820 0.269272 
1 45 897 0.243486 
2 46 952 0.234068 
192
197.0
0 43 820 0.269272 
1 45 886 0.252603 
2 44 897 0.244677 
193
197.0
0 43 820 0.269272 
1 45 891 0.25175 
2 45 910 0.246108 
194
197.0
0 43 820 0.269272 
1 44 864 0.262069 
2 44 893 0.244937 
195
197.0
0 43 820 0.269272 
1 43 837 0.261285 
2 46 938 0.239256 
196
197.0
0 43 820 0.269272 
1 44 857 0.263546 
2 44 900 0.244858 
197
197.0
0 43 820 0.269272 
1 43 828 0.267469 
2 46 957 0.235782 
198
197.0
0 43 820 0.269272 
1 43 836 0.260775 
2 45 936 0.236999 
199
197.0
0 43 820 0.269272 
1 44 855 0.258614 
2 46 964 0.231669 
200
197.0
0 43 820 0.269272 
1 45 897 0.245058 
2 44 918 0.244701 
201
197.0
0 43 820 0.269272 
1 43 835 0.263461 
2 44 916 0.243355 
202
197.0
0 43 820 0.269272 
1 46 911 0.241979 
2 43 894 0.248365 
203
197.0
0 43 820 0.269272 
1 44 863 0.253099 
2 44 914 0.239169 
204
197.0
0 43 820 0.269272 
1 43 838 0.265443 
2 43 886 0.249631 
205
197.0
0 43 820 0.269272 
1 43 828 0.262686 
2 44 917 0.240909 
206
197.0
0 43 820 0.269272 
1 44 857 0.260423 
2 45 961 0.232815 
207
197.0
0 43 820 0.269272 
1 45 894 0.247448 
2 43 913 0.24225 
