0
0 2.30118 0.174333 
1 2.29523 0.116667 
2 2.30232 0.103667 
0 1 636 0.0256988 
1 1 648 0.0248075 
2 0 0 0 
1
0 2.26665 0.214333 
1 2.2008 0.204 
2 2.30274 0.0996667 
0 1 636 0.0275708 
1 1 648 0.0309161 
2 0 0 0 
2
0 2.14234 0.208667 
1 2.08932 0.231667 
2 2.30268 0.099 
0 1 636 0.0380049 
1 1 648 0.0442262 
2 0 0 0 
3
0 1.9643 0.255333 
1 2.00306 0.256 
2 2.004 0.254333 
0 1 647 0.0561985 
1 2 1285 0.036127 
2 2 1268 0.0361972 
4
0 1.88458 0.279667 
1 1.91931 0.272 
2 1.92577 0.271667 
0 1 647 0.0633483 
1 2 1285 0.0399289 
2 2 1268 0.0398606 
5
0 1.82685 0.290333 
1 1.77812 0.373667 
2 1.85112 0.289333 
0 1 647 0.0698669 
1 2 1285 0.0465658 
2 2 1268 0.0446068 
6
0 1.63146 0.401 
1 1.65799 0.399 
2 1.67812 0.396667 
0 2 1285 0.0556457 
1 3 2175 0.0410285 
2 2 1305 0.0505971 
7
0 1.58048 0.406 
1 1.57395 0.410333 
2 1.62221 0.395333 
0 2 1285 0.0625126 
1 3 2175 0.0463983 
2 2 1305 0.0573624 
8
0 1.37322 0.484667 
1 1.44307 0.468667 
2 1.43931 0.472667 
0 3 2168 0.0516535 
1 3 2176 0.0486818 
2 3 2315 0.0471897 
9
0 1.26946 0.520333 
1 1.29716 0.493333 
2 1.28326 0.512 
0 3 2168 0.0559013 
1 3 2176 0.0529134 
2 3 2315 0.051484 
10
0 1.153 0.565 
1 1.14292 0.575333 
2 1.11841 0.591333 
0 3 2168 0.0599493 
1 3 2176 0.0582348 
2 3 2315 0.0567434 
11
0 1.04656 0.610667 
1 1.07214 0.593333 
2 1.07405 0.596667 
0 3 2313 0.0609028 
1 5 3618 0.046438 
2 3 2351 0.0577832 
12
0 0.980485 0.673333 
1 0.998651 0.655667 
2 1.00243 0.656333 
0 3 2313 0.0640858 
1 5 3618 0.0486812 
2 3 2351 0.0605411 
13
0 0.892382 0.683 
1 0.917087 0.687333 
2 0.924209 0.672333 
0 3 2313 0.0668983 
1 5 3618 0.0513767 
2 3 2351 0.0636912 
14
0 0.890701 0.704 
1 0.895087 0.708 
2 0.913938 0.694 
0 3 2313 0.0693698 
1 5 3618 0.0539163 
2 3 2351 0.0667219 
15
0 0.887681 0.690333 
1 0.837289 0.720333 
2 0.891973 0.689667 
0 3 2313 0.0717126 
1 5 3618 0.0566567 
2 3 2351 0.0694496 
16
0 0.718904 0.783667 
1 0.748241 0.775 
2 0.740322 0.774 
0 5 3610 0.0596106 
1 6 4295 0.0528366 
2 5 3753 0.056788 
17
0 0.660337 0.793333 
1 0.673582 0.793333 
2 0.654598 0.800333 
0 5 3610 0.0626316 
1 6 4295 0.0550476 
2 5 3753 0.0594332 
18
0 0.592829 0.823667 
1 0.602997 0.824667 
2 0.588098 0.830333 
0 5 3610 0.0652998 
1 6 4295 0.0573416 
2 5 3753 0.0621885 
19
0 0.630145 0.798 
1 0.659522 0.793333 
2 0.668016 0.782333 
0 5 3610 0.0671804 
1 6 4295 0.0591566 
2 5 3753 0.0641945 
20
0 0.585221 0.816333 
1 0.588668 0.825667 
2 0.585695 0.822667 
0 5 3610 0.0683663 
1 6 4295 0.0604207 
2 5 3753 0.0653359 
21
0 0.589655 0.814667 
1 0.60432 0.814333 
2 0.608211 0.813 
0 6 4290 0.0620444 
1 6 4571 0.0591595 
2 7 5071 0.0556981 
22
0 0.539059 0.837333 
1 0.558369 0.832 
2 0.553415 0.833333 
0 6 4290 0.0638501 
1 6 4571 0.0608052 
2 7 5071 0.0572081 
23
0 0.511055 0.850667 
1 0.532019 0.849 
2 0.507018 0.857 
0 6 4290 0.0648186 
1 6 4571 0.0618475 
2 7 5071 0.0583121 
24
0 0.533861 0.834 
1 0.520687 0.839 
2 0.557669 0.824 
0 6 4290 0.0657633 
1 6 4571 0.0626725 
2 7 5071 0.0593525 
25
0 0.504297 0.848333 
1 0.511103 0.850667 
2 0.499063 0.854 
0 6 4290 0.0668776 
1 6 4571 0.0636377 
2 7 5071 0.0605296 
26
0 0.465311 0.864667 
1 0.469085 0.863 
2 0.496593 0.853667 
0 6 4290 0.0680036 
1 6 4571 0.0646349 
2 7 5071 0.061699 
27
0 0.509816 0.838 
1 0.494317 0.840667 
2 0.51923 0.837667 
0 6 4290 0.0691783 
1 6 4571 0.065714 
2 7 5071 0.062733 
28
0 0.476615 0.855333 
1 0.502325 0.855 
2 0.461707 0.859667 
0 6 4290 0.0704265 
1 6 4571 0.0668964 
2 7 5071 0.063756 
29
0 0.431403 0.875 
1 0.438519 0.870333 
2 0.433095 0.862667 
0 6 4290 0.0712874 
1 6 4571 0.0677347 
2 7 5071 0.0644711 
30
0 0.572006 0.836333 
1 0.505986 0.853333 
2 0.493421 0.849333 
0 6 4290 0.0720986 
1 6 4571 0.0685545 
2 7 5071 0.0650607 
31
0 0.454234 0.861667 
1 0.455708 0.863 
2 0.454235 0.861667 
0 6 4557 0.0696595 
1 6 4617 0.068393 
2 7 5245 0.0632336 
32
0 0.639286 0.785 
1 0.586118 0.809333 
2 0.629756 0.793667 
0 6 4557 0.0704426 
1 6 4617 0.0689297 
2 7 5245 0.0637727 
33
0 0.471204 0.861 
1 0.429771 0.879 
2 0.424582 0.881667 
0 6 4616 0.0697987 
1 6 4628 0.0692074 
2 7 5362 0.0631853 
34
0 0.470909 0.875333 
1 0.439996 0.882333 
2 0.435209 0.880333 
0 7 5359 0.0639124 
1 8 6003 0.0593897 
2 8 6026 0.0594152 
35
0 0.424941 0.871 
1 0.414444 0.875667 
2 0.407762 0.879333 
0 7 5359 0.0644477 
1 8 6003 0.0598816 
2 8 6026 0.0599075 
36
0 0.466031 0.854 
1 0.488622 0.849 
2 0.493508 0.849667 
0 7 5359 0.0648427 
1 8 6003 0.0600762 
2 8 6026 0.0600735 
37
0 0.469108 0.871 
1 0.478126 0.871 
2 0.478365 0.868667 
0 7 5359 0.0654893 
1 8 6003 0.0606855 
2 8 6026 0.0607245 
38
0 0.531736 0.834667 
1 0.537336 0.834333 
2 0.527249 0.836333 
0 7 5359 0.0664643 
1 8 6003 0.0616771 
2 8 6026 0.0616898 
39
0 0.464218 0.852667 
1 0.439116 0.865 
2 0.470493 0.850333 
0 7 5359 0.0672525 
1 8 6003 0.0624815 
2 8 6026 0.0625081 
40
0 0.58496 0.821 
1 0.518393 0.853333 
2 0.521599 0.852667 
0 8 5992 0.0633833 
1 8 6154 0.0618501 
2 8 6013 0.0626621 
41
0 0.512227 0.848 
1 0.48139 0.856 
2 0.481598 0.856667 
0 8 6152 0.0626588 
1 9 6959 0.0578815 
2 9 6785 0.0587719 
42
0 0.578797 0.828333 
1 0.558728 0.838667 
2 0.556387 0.838667 
0 9 6782 0.059426 
1 10 7584 0.0553742 
2 9 7050 0.057689 
43
0 0.413308 0.880333 
1 0.403728 0.884333 
2 0.404932 0.886333 
0 10 7577 0.0558071 
1 10 7852 0.054508 
2 10 7652 0.0552307 
44
0 0.474968 0.858333 
1 0.447747 0.874 
2 0.449738 0.871333 
0 10 7577 0.0563979 
1 10 7852 0.0551567 
2 10 7652 0.0558776 
45
0 0.464601 0.853 
1 0.412192 0.873667 
2 0.412356 0.873333 
0 10 7847 0.0557959 
1 11 8557 0.0527737 
2 12 9160 0.0510276 
46
0 0.470732 0.856 
1 0.43458 0.871 
2 0.452751 0.865667 
0 11 8552 0.0530529 
1 13 9878 0.0491083 
2 11 8696 0.0523465 
47
0 0.489704 0.856333 
1 0.480096 0.865333 
2 0.479127 0.866 
0 13 9875 0.0494837 
1 14 10915 0.0468762 
2 14 10680 0.047318 
48
0 0.470373 0.856 
1 0.451386 0.864667 
2 0.446097 0.866667 
0 14 10675 0.0477946 
1 16 12099 0.0447836 
2 15 11590 0.0456721 
49
0 0.444722 0.867667 
1 0.385925 0.89 
2 0.385781 0.89 
0 15 11582 0.0460038 
1 15 11785 0.0454217 
2 15 11764 0.0454333 
50
0 0.476899 0.848667 
1 0.51547 0.831 
2 0.518078 0.829 
0 15 11781 0.0458914 
1 16 12469 0.0444567 
2 17 13209 0.0434465 
51
0 0.391518 0.891 
1 0.433885 0.871667 
2 0.427289 0.872 
0 15 11781 0.0463604 
1 16 12469 0.0448408 
2 17 13209 0.0438262 
52
0 0.52488 0.826333 
1 0.567507 0.816333 
2 0.569384 0.82 
0 15 11781 0.0469215 
1 16 12469 0.0453514 
2 17 13209 0.0443347 
53
0 0.469464 0.865333 
1 0.470984 0.862 
2 0.475126 0.867667 
0 15 11781 0.0473089 
1 16 12469 0.0457449 
2 17 13209 0.0446827 
54
0 0.408494 0.883 
1 0.433284 0.871333 
2 0.465943 0.86 
0 15 11781 0.0477043 
1 16 12469 0.0461498 
2 17 13209 0.0450403 
55
0 0.364912 0.892 
1 0.379048 0.887 
2 0.422103 0.873 
0 15 11781 0.0481051 
1 16 12469 0.0466419 
2 17 13209 0.0455241 
56
0 0.450296 0.862 
1 0.531179 0.836 
2 0.479639 0.848333 
0 15 11781 0.0486101 
1 16 12469 0.047195 
2 17 13209 0.0460314 
57
0 0.414756 0.877 
1 0.437831 0.865333 
2 0.424831 0.877667 
0 15 11781 0.0491505 
1 16 12469 0.0477755 
2 17 13209 0.046607 
58
0 0.494523 0.845667 
1 0.441202 0.873667 
2 0.434377 0.870667 
0 15 11781 0.0497458 
1 16 12469 0.0484381 
2 17 13209 0.0471279 
59
0 0.438066 0.864667 
1 0.435241 0.861 
2 0.44497 0.856333 
0 16 12422 0.0492118 
1 16 12583 0.0485061 
2 18 13755 0.046454 
60
0 0.479487 0.86 
1 0.471099 0.861667 
2 0.468989 0.858667 
0 16 12422 0.0499246 
1 16 12583 0.0489833 
2 18 13755 0.0469017 
61
0 0.386901 0.889 
1 0.421961 0.879333 
2 0.442581 0.871667 
0 16 12422 0.0506103 
1 16 12583 0.0496705 
2 18 13755 0.0475423 
62
0 0.432946 0.874333 
1 0.462328 0.854 
2 0.463862 0.857 
0 16 12422 0.0510702 
1 16 12583 0.0501798 
2 18 13755 0.0480302 
63
0 0.406698 0.879333 
1 0.457056 0.866667 
2 0.472626 0.855 
0 16 12422 0.0516949 
1 16 12583 0.050864 
2 18 13755 0.0486359 
64
0 0.39789 0.893667 
1 0.40288 0.891 
2 0.400771 0.898333 
0 16 12422 0.0522896 
1 16 12583 0.0514418 
2 18 13755 0.0492337 
65
0 0.342378 0.905667 
1 0.376813 0.89 
2 0.367091 0.893333 
0 16 12422 0.0527227 
1 16 12583 0.052018 
2 18 13755 0.0497134 
66
0 0.349571 0.893 
1 0.354847 0.893 
2 0.358362 0.893333 
0 16 12422 0.0532746 
1 16 12583 0.0526302 
2 18 13755 0.050228 
67
0 0.417732 0.879 
1 0.384606 0.883 
2 0.39873 0.882 
0 16 12422 0.0539441 
1 16 12583 0.0531871 
2 18 13755 0.0507245 
68
0 0.401972 0.880333 
1 0.367004 0.892333 
2 0.397413 0.881667 
0 16 12422 0.0546815 
1 16 12583 0.0538709 
2 18 13755 0.0513247 
69
0 0.396213 0.884667 
1 0.357043 0.900333 
2 0.356884 0.900667 
0 16 12540 0.0547299 
1 16 12704 0.053772 
2 17 13253 0.0525223 
70
0 0.379762 0.892667 
1 0.385256 0.894333 
2 0.386208 0.893667 
0 17 13245 0.05272 
1 17 13385 0.0522358 
2 19 14682 0.0497737 
71
0 0.368584 0.887667 
1 0.393408 0.881667 
2 0.392545 0.882333 
0 17 13245 0.053104 
1 17 13385 0.0525587 
2 19 14682 0.0500703 
72
0 0.374223 0.897667 
1 0.404449 0.884 
2 0.404317 0.886 
0 17 13245 0.0535591 
1 17 13385 0.052903 
2 19 14682 0.0503779 
73
0 0.354859 0.903333 
1 0.384983 0.886 
2 0.388466 0.884 
0 17 13245 0.0541539 
1 17 13385 0.0534784 
2 19 14682 0.050906 
74
0 0.421016 0.870333 
1 0.397278 0.882333 
2 0.405575 0.877667 
0 17 13245 0.0546042 
1 17 13385 0.0540566 
2 19 14682 0.0514449 
75
0 0.4102 0.877333 
1 0.430545 0.871 
2 0.43674 0.871333 
0 17 13360 0.055029 
1 17 13396 0.0543646 
2 19 14720 0.0517744 
76
0 0.408894 0.89 
1 0.44441 0.877667 
2 0.468017 0.869333 
0 17 13360 0.0556651 
1 17 13396 0.0548632 
2 19 14720 0.0522197 
77
0 0.472153 0.866667 
1 0.490716 0.857667 
2 0.478702 0.859333 
0 17 13360 0.0562124 
1 17 13396 0.0553813 
2 19 14720 0.0526691 
78
0 0.380122 0.891333 
1 0.388341 0.892 
2 0.366512 0.895667 
0 17 13360 0.0568703 
1 17 13396 0.0560465 
2 19 14720 0.0532846 
79
0 0.390002 0.893667 
1 0.378192 0.897 
2 0.363638 0.906 
0 17 13360 0.057394 
1 17 13396 0.0566122 
2 19 14720 0.0538311 
80
0 0.371587 0.890333 
1 0.38455 0.890667 
2 0.385617 0.891 
0 19 14689 0.0543846 
1 21 16413 0.0509695 
2 20 15528 0.0524001 
81
0 0.482241 0.861333 
1 0.445104 0.870333 
2 0.45358 0.867667 
0 19 14689 0.0548453 
1 21 16413 0.0512294 
2 20 15528 0.0526724 
82
0 0.369068 0.890667 
1 0.341021 0.904333 
2 0.340718 0.904 
0 21 16397 0.0517251 
1 23 17912 0.049155 
2 23 17915 0.049183 
83
0 0.391246 0.888 
1 0.363204 0.898667 
2 0.363208 0.898667 
0 23 17890 0.0495096 
1 24 18857 0.0480719 
2 26 20023 0.0466869 
84
0 0.33833 0.904 
1 0.312599 0.905667 
2 0.312939 0.906667 
0 24 18851 0.0484148 
1 26 20509 0.0462868 
2 24 18948 0.0480732 
85
0 0.45534 0.881333 
1 0.427422 0.886667 
2 0.42548 0.887333 
0 24 18851 0.0487702 
1 26 20509 0.0465048 
2 24 18948 0.0483146 
86
0 0.437301 0.877 
1 0.379984 0.888333 
2 0.373755 0.890667 
0 24 18851 0.0490754 
1 26 20509 0.0467212 
2 24 18948 0.0485416 
87
0 0.314818 0.908 
1 0.318083 0.904333 
2 0.318424 0.904 
0 24 18921 0.0489638 
1 26 20262 0.0471329 
2 24 19225 0.048352 
88
0 0.337828 0.906667 
1 0.363647 0.899667 
2 0.363265 0.9 
0 24 18921 0.049348 
1 26 20262 0.0473606 
2 24 19225 0.0485971 
89
0 0.352965 0.903667 
1 0.374234 0.895 
2 0.373772 0.896 
0 24 18921 0.0498262 
1 26 20262 0.0477807 
2 24 19225 0.0490399 
90
0 0.329939 0.900667 
1 0.358174 0.887667 
2 0.357403 0.889 
0 24 18921 0.0501527 
1 26 20262 0.0481184 
2 24 19225 0.0493998 
91
0 0.282411 0.918 
1 0.315769 0.910667 
2 0.314949 0.91 
0 24 18921 0.0505728 
1 26 20262 0.0486002 
2 24 19225 0.0499214 
92
0 0.357869 0.889333 
1 0.359444 0.887 
2 0.358503 0.885667 
0 24 18921 0.050862 
1 26 20262 0.0488749 
2 24 19225 0.0502262 
93
0 0.310953 0.914667 
1 0.299802 0.913667 
2 0.301911 0.915333 
0 24 18921 0.0512733 
1 26 20262 0.0492838 
2 24 19225 0.0506422 
94
0 0.294847 0.918333 
1 0.295227 0.915667 
2 0.295706 0.914333 
0 24 18921 0.0515912 
1 26 20262 0.0496053 
2 24 19225 0.0509707 
95
0 0.299979 0.917 
1 0.312556 0.910667 
2 0.304393 0.914333 
0 24 18921 0.0519098 
1 26 20262 0.0498723 
2 24 19225 0.0512266 
96
0 0.278756 0.922 
1 0.25867 0.923333 
2 0.258921 0.923 
0 24 18921 0.0522699 
1 26 20262 0.0502132 
2 24 19225 0.0515628 
97
0 0.331666 0.907 
1 0.301625 0.917 
2 0.301064 0.916667 
0 24 18921 0.0524471 
1 26 20262 0.0504585 
2 24 19225 0.0517962 
98
0 0.349174 0.902667 
1 0.328263 0.904667 
2 0.326977 0.904333 
0 26 20177 0.0510356 
1 26 20608 0.050191 
2 28 22074 0.0485481 
99
0 0.320247 0.907 
1 0.284898 0.910333 
2 0.281474 0.911 
0 26 20177 0.0513776 
1 26 20608 0.0503596 
2 28 22074 0.0487075 
100
0 0.334384 0.895333 
1 0.339137 0.891667 
2 0.336243 0.891667 
0 26 20177 0.0517759 
1 26 20608 0.0506084 
2 28 22074 0.0489225 
101
0 0.319831 0.907 
1 0.357416 0.892 
2 0.35165 0.899333 
0 26 20177 0.052139 
1 26 20608 0.0509829 
2 28 22074 0.049256 
102
0 0.29651 0.913667 
1 0.326675 0.900667 
2 0.329096 0.899667 
0 26 20177 0.0524927 
1 26 20608 0.0513378 
2 28 22074 0.0495711 
103
0 0.295112 0.920667 
1 0.302503 0.913 
2 0.307685 0.916333 
0 26 20177 0.052869 
1 26 20608 0.0517258 
2 28 22074 0.0499892 
104
0 0.298673 0.907333 
1 0.305064 0.906333 
2 0.297563 0.908 
0 26 20177 0.0531576 
1 26 20608 0.0519966 
2 28 22074 0.0502857 
105
0 0.27501 0.918333 
1 0.264834 0.919333 
2 0.274126 0.919667 
0 26 20177 0.0535213 
1 26 20608 0.0523152 
2 28 22074 0.0505916 
106
0 0.360077 0.896667 
1 0.347349 0.900333 
2 0.345534 0.905 
0 26 20177 0.053894 
1 26 20608 0.0526439 
2 28 22074 0.0509308 
107
0 0.35528 0.892667 
1 0.356928 0.897 
2 0.354853 0.890667 
0 26 20177 0.0542486 
1 26 20608 0.0529391 
2 28 22074 0.0512179 
108
0 0.313943 0.916 
1 0.311805 0.909 
2 0.291851 0.919333 
0 26 20177 0.0546172 
1 26 20608 0.0533319 
2 28 22074 0.0515739 
109
0 0.298938 0.912667 
1 0.302958 0.912333 
2 0.30589 0.91 
0 26 20177 0.0549945 
1 26 20608 0.0536946 
2 28 22074 0.0519127 
110
0 0.348972 0.900333 
1 0.33817 0.902 
2 0.381545 0.888333 
0 26 20177 0.0553891 
1 26 20608 0.0540416 
2 28 22074 0.0522246 
111
0 0.267844 0.923 
1 0.286935 0.919333 
2 0.285775 0.916 
0 26 20177 0.0557373 
1 26 20608 0.0543235 
2 28 22074 0.0525712 
112
0 0.265529 0.927 
1 0.310529 0.913667 
2 0.277122 0.927333 
0 26 20177 0.0561428 
1 26 20608 0.0546873 
2 28 22074 0.0529414 
113
0 0.3216 0.903333 
1 0.286343 0.920333 
2 0.306273 0.909 
0 26 20177 0.0563979 
1 26 20608 0.0549489 
2 28 22074 0.05315 
114
0 0.293735 0.917 
1 0.280344 0.918 
2 0.280168 0.918 
0 26 20488 0.0555839 
1 26 20646 0.0550942 
2 28 21839 0.0534264 
115
0 0.256461 0.925 
1 0.235863 0.933 
2 0.235904 0.932667 
0 26 20488 0.0558815 
1 26 20646 0.0552595 
2 28 21839 0.0535797 
116
0 0.293321 0.913333 
1 0.282573 0.920667 
2 0.282959 0.920667 
0 26 20488 0.0561407 
1 26 20646 0.0554199 
2 28 21839 0.0537302 
117
0 0.223351 0.934333 
1 0.223802 0.936333 
2 0.224298 0.936667 
0 26 20488 0.0564986 
1 26 20646 0.055716 
2 28 21839 0.0540078 
118
0 0.243074 0.929667 
1 0.234621 0.932667 
2 0.235225 0.932667 
0 26 20488 0.0567441 
1 26 20646 0.0559623 
2 28 21839 0.0542331 
119
0 0.296077 0.916333 
1 0.286055 0.911 
2 0.274339 0.917667 
0 26 20488 0.0570004 
1 26 20646 0.0562804 
2 28 21839 0.0545405 
120
0 0.277417 0.923333 
1 0.271125 0.918333 
2 0.282435 0.919 
0 26 20488 0.0573476 
1 26 20646 0.0566113 
2 28 21839 0.0548223 
121
0 0.236585 0.930667 
1 0.287327 0.915 
2 0.275985 0.917667 
0 26 20488 0.0577088 
1 26 20646 0.0569598 
2 28 21839 0.0551339 
122
0 0.232461 0.93 
1 0.235314 0.931333 
2 0.235368 0.930667 
0 26 20488 0.0579993 
1 26 20646 0.0572095 
2 28 21839 0.0553631 
123
0 0.315584 0.903333 
1 0.308839 0.900667 
2 0.3168 0.902667 
0 26 20488 0.0583451 
1 26 20646 0.0575371 
2 28 21839 0.0556803 
124
0 0.28566 0.910667 
1 0.287114 0.914 
2 0.314532 0.901333 
0 26 20488 0.0587011 
1 26 20646 0.0579057 
2 28 21839 0.0560288 
125
0 0.250078 0.93 
1 0.264478 0.921333 
2 0.269077 0.923 
0 26 20488 0.0589283 
1 26 20646 0.0581628 
2 28 21839 0.056276 
126
0 0.246768 0.929 
1 0.248686 0.929333 
2 0.237272 0.936333 
0 26 20488 0.0592615 
1 26 20646 0.0585283 
2 28 21839 0.0565676 
127
0 0.283465 0.915667 
1 0.248924 0.928667 
2 0.26 0.921667 
0 26 20488 0.0595955 
1 26 20646 0.0588487 
2 28 21839 0.0568478 
128
0 0.251567 0.929667 
1 0.234338 0.936 
2 0.234497 0.936333 
0 26 20537 0.0594809 
1 27 21273 0.058036 
2 27 21306 0.0580351 
129
0 0.256563 0.919667 
1 0.23124 0.927667 
2 0.232619 0.926 
0 26 20537 0.0599054 
1 27 21273 0.0583085 
2 27 21306 0.0583042 
130
0 0.276814 0.921 
1 0.259783 0.929333 
2 0.257882 0.929333 
0 26 20537 0.0603109 
1 27 21273 0.0586097 
2 27 21306 0.0586064 
131
0 0.279932 0.918667 
1 0.270237 0.922667 
2 0.273307 0.92 
0 26 20537 0.0606561 
1 27 21273 0.058866 
2 27 21306 0.0588588 
132
0 0.279674 0.921667 
1 0.258286 0.927333 
2 0.265294 0.926333 
0 26 20537 0.0608683 
1 27 21273 0.0590532 
2 27 21306 0.0590439 
133
0 0.271149 0.92 
1 0.272286 0.919333 
2 0.272304 0.922333 
0 26 20537 0.0611427 
1 27 21273 0.0593602 
2 27 21306 0.0593443 
134
0 0.248149 0.929667 
1 0.251888 0.930333 
2 0.256499 0.929333 
0 26 20537 0.061395 
1 27 21273 0.0596254 
2 27 21306 0.0596009 
135
0 0.234009 0.933667 
1 0.226877 0.937 
2 0.227636 0.934 
0 26 20537 0.061555 
1 27 21273 0.0598034 
2 27 21306 0.0597551 
136
0 0.219467 0.94 
1 0.226722 0.935333 
2 0.21996 0.936333 
0 26 20537 0.0618214 
1 27 21273 0.0600342 
2 27 21306 0.0599931 
137
0 0.240319 0.931667 
1 0.22454 0.934 
2 0.218034 0.937333 
0 26 20537 0.0621055 
1 27 21273 0.0602723 
2 27 21306 0.0602218 
138
0 0.247581 0.926333 
1 0.248081 0.928 
2 0.256782 0.924 
0 26 20537 0.0623769 
1 27 21273 0.0605795 
2 27 21306 0.0605245 
139
0 0.247454 0.927 
1 0.252453 0.926667 
2 0.248183 0.926 
0 26 20537 0.0625733 
1 27 21273 0.0607797 
2 27 21306 0.0607236 
140
0 0.273602 0.914333 
1 0.25263 0.922 
2 0.268862 0.916667 
0 26 20537 0.0628451 
1 27 21273 0.0610624 
2 27 21306 0.061037 
141
0 0.250486 0.925667 
1 0.265143 0.922667 
2 0.333189 0.901333 
0 26 20537 0.0632718 
1 27 21273 0.0614922 
2 27 21306 0.0614378 
142
0 0.208933 0.942333 
1 0.207789 0.940667 
2 0.22235 0.936333 
0 26 20537 0.0635841 
1 27 21273 0.0617589 
2 27 21306 0.0617286 
143
0 0.223969 0.937667 
1 0.220211 0.937333 
2 0.207408 0.937667 
0 26 20537 0.0639325 
1 27 21273 0.0620936 
2 27 21306 0.0621124 
144
0 0.237106 0.934667 
1 0.234074 0.934667 
2 0.21899 0.936 
0 26 20537 0.0642436 
1 27 21273 0.0624298 
2 27 21306 0.0624736 
145
0 0.223462 0.934 
1 0.227678 0.937 
2 0.227599 0.934667 
0 26 20537 0.0645316 
1 27 21273 0.0627524 
2 27 21306 0.0627546 
146
0 0.243914 0.931667 
1 0.282118 0.919667 
2 0.260997 0.924333 
0 26 20537 0.0647462 
1 27 21273 0.0629279 
2 27 21306 0.0629456 
147
0 0.229044 0.923333 
1 0.254246 0.925333 
2 0.223639 0.929333 
0 26 20537 0.064976 
1 27 21273 0.0632085 
2 27 21306 0.0632064 
148
0 0.224749 0.933667 
1 0.221641 0.937667 
2 0.234639 0.928333 
0 26 20537 0.0652183 
1 27 21273 0.0633934 
2 27 21306 0.0633375 
149
0 0.248354 0.925667 
1 0.240246 0.924667 
2 0.233453 0.930333 
0 26 20537 0.0654163 
1 27 21273 0.0635502 
2 27 21306 0.0634742 
150
0 0.242308 0.928333 
1 0.23144 0.933667 
2 0.231947 0.933 
0 26 20537 0.0657434 
1 27 21273 0.0638889 
2 27 21306 0.0638307 
151
0 0.231019 0.928 
1 0.233704 0.924 
2 0.234072 0.925667 
0 26 20537 0.0660192 
1 27 21273 0.064148 
2 27 21306 0.0640713 
152
0 0.250327 0.927 
1 0.202288 0.937333 
2 0.207777 0.934333 
0 26 20537 0.0663539 
1 27 21273 0.0644593 
2 27 21306 0.0644597 
153
0 0.211082 0.940667 
1 0.193759 0.943333 
2 0.193506 0.943667 
0 27 21068 0.0654389 
1 28 22175 0.0631175 
2 29 22663 0.0622661 
154
0 0.245565 0.929 
1 0.209876 0.935 
2 0.220708 0.935 
0 27 21068 0.0658334 
1 28 22175 0.0633086 
2 29 22663 0.0624467 
155
0 0.271747 0.917 
1 0.243807 0.927667 
2 0.2454 0.926333 
0 27 21068 0.0661217 
1 28 22175 0.0635405 
2 29 22663 0.0626459 
156
0 0.239304 0.93 
1 0.233094 0.929 
2 0.233016 0.929 
0 28 22134 0.0639035 
1 28 22366 0.0632681 
2 30 23555 0.0613361 
157
0 0.194568 0.948 
1 0.19256 0.944333 
2 0.192291 0.944667 
0 28 22134 0.0642129 
1 28 22366 0.0635028 
2 30 23555 0.0615559 
158
0 0.188747 0.943 
1 0.182171 0.949667 
2 0.181747 0.95 
0 28 22134 0.0644852 
1 28 22366 0.0637708 
2 30 23555 0.0618118 
159
0 0.215075 0.939 
1 0.217153 0.936333 
2 0.217539 0.936 
0 28 22134 0.0646381 
1 28 22366 0.0639225 
2 30 23555 0.0619513 
160
0 0.275296 0.915 
1 0.289189 0.914667 
2 0.284534 0.912667 
0 28 22134 0.0648574 
1 28 22366 0.0641734 
2 30 23555 0.0621938 
161
0 0.221804 0.936333 
1 0.218429 0.933 
2 0.212262 0.936333 
0 28 22134 0.0650872 
1 28 22366 0.0644332 
2 30 23555 0.0624514 
162
0 0.208774 0.937333 
1 0.208382 0.936333 
2 0.207537 0.936667 
0 28 22134 0.0653006 
1 28 22366 0.0646903 
2 30 23555 0.0626899 
163
0 0.259444 0.926667 
1 0.282094 0.921667 
2 0.296757 0.913667 
0 28 22134 0.0655614 
1 28 22366 0.0649332 
2 30 23555 0.0628914 
164
0 0.194589 0.942333 
1 0.208538 0.939667 
2 0.203499 0.939667 
0 28 22134 0.0657734 
1 28 22366 0.0651921 
2 30 23555 0.0631217 
165
0 0.253345 0.924 
1 0.256313 0.931333 
2 0.262764 0.927333 
0 28 22134 0.0659962 
1 28 22366 0.0654029 
2 30 23555 0.0632973 
166
0 0.183382 0.948 
1 0.182171 0.945 
2 0.178257 0.95 
0 28 22134 0.0662782 
1 28 22366 0.0657108 
2 30 23555 0.0635709 
167
0 0.23995 0.927667 
1 0.265267 0.920667 
2 0.235593 0.932 
0 28 22134 0.0664822 
1 28 22366 0.0659832 
2 30 23555 0.0638125 
168
0 0.203487 0.939 
1 0.208862 0.935333 
2 0.221554 0.935333 
0 28 22134 0.0666591 
1 28 22366 0.0661877 
2 30 23555 0.0639965 
169
0 0.217122 0.940333 
1 0.235837 0.931667 
2 0.219967 0.941333 
0 28 22134 0.0668525 
1 28 22366 0.066368 
2 30 23555 0.0641989 
170
0 0.292344 0.913667 
1 0.263485 0.925667 
2 0.331222 0.905667 
0 28 22134 0.067011 
1 28 22366 0.0665597 
2 30 23555 0.0643645 
171
0 0.232451 0.931667 
1 0.218332 0.934667 
2 0.218344 0.934667 
0 28 22222 0.0672986 
1 29 23093 0.0654691 
2 30 23662 0.0644606 
172
0 0.209246 0.933 
1 0.18026 0.94 
2 0.180555 0.940333 
0 28 22222 0.0675588 
1 29 23093 0.0655691 
2 30 23662 0.0645592 
173
0 0.265653 0.923333 
1 0.244981 0.932 
2 0.245908 0.932 
0 28 22222 0.0679324 
1 29 23093 0.0658671 
2 30 23662 0.0648512 
174
0 0.227215 0.938333 
1 0.216021 0.938333 
2 0.216598 0.938333 
0 28 22222 0.0681802 
1 29 23093 0.0660916 
2 30 23662 0.0650691 
175
0 0.249576 0.924667 
1 0.230804 0.931667 
2 0.231582 0.931 
0 28 22222 0.0684115 
1 29 23093 0.0663057 
2 30 23662 0.0652752 
176
0 0.207145 0.938333 
1 0.190465 0.95 
2 0.193438 0.947667 
0 28 22222 0.0685726 
1 29 23093 0.066439 
2 30 23662 0.0653956 
177
0 0.215346 0.934 
1 0.222439 0.932333 
2 0.22272 0.931667 
0 29 23037 0.0667584 
1 30 23843 0.0652234 
2 29 23152 0.0664311 
178
0 0.241347 0.933 
1 0.250173 0.93 
2 0.251085 0.930333 
0 29 23037 0.0669286 
1 30 23843 0.0652687 
2 29 23152 0.0664766 
179
0 0.20664 0.933667 
1 0.222292 0.935667 
2 0.224212 0.935667 
0 29 23037 0.067067 
1 30 23843 0.0654055 
2 29 23152 0.0666198 
180
0 0.190897 0.941667 
1 0.186293 0.945 
2 0.185139 0.944667 
0 29 23037 0.0672537 
1 30 23843 0.0655867 
2 29 23152 0.0668076 
181
0 0.186917 0.943333 
1 0.200756 0.942667 
2 0.199342 0.942667 
0 29 23037 0.0675129 
1 30 23843 0.0658657 
2 29 23152 0.0670936 
182
0 0.211139 0.944 
1 0.193722 0.946 
2 0.19544 0.946 
0 29 23037 0.0677513 
1 30 23843 0.0660674 
2 29 23152 0.0672938 
183
0 0.241796 0.931667 
1 0.236749 0.928667 
2 0.233899 0.929667 
0 29 23037 0.0679339 
1 30 23843 0.0662041 
2 29 23152 0.0674243 
184
0 0.211324 0.94 
1 0.203034 0.940667 
2 0.20154 0.942 
0 29 23037 0.0680085 
1 30 23843 0.0663059 
2 29 23152 0.0675065 
185
0 0.242121 0.923 
1 0.249428 0.926667 
2 0.246047 0.924667 
0 29 23037 0.0681132 
1 30 23843 0.066505 
2 29 23152 0.0677556 
186
0 0.215473 0.940333 
1 0.216846 0.940333 
2 0.214449 0.939333 
0 29 23037 0.0682548 
1 30 23843 0.0666561 
2 29 23152 0.0679311 
187
0 0.216266 0.933 
1 0.21059 0.938 
2 0.202055 0.939667 
0 29 23037 0.0684933 
1 30 23843 0.0668574 
2 29 23152 0.0682086 
188
0 0.18216 0.948 
1 0.172885 0.950667 
2 0.170757 0.950667 
0 29 23037 0.0686954 
1 30 23843 0.0670623 
2 29 23152 0.0684409 
189
0 0.17754 0.947 
1 0.196761 0.945 
2 0.185383 0.946333 
0 29 23037 0.0689281 
1 30 23843 0.0672667 
2 29 23152 0.0686921 
190
0 0.202206 0.946333 
1 0.221113 0.940333 
2 0.208014 0.944 
0 29 23037 0.0691136 
1 30 23843 0.0675245 
2 29 23152 0.0689025 
191
0 0.228104 0.939333 
1 0.217482 0.935667 
2 0.241205 0.936333 
0 29 23037 0.0692677 
1 30 23843 0.0676498 
2 29 23152 0.0690537 
192
0 0.218413 0.941333 
1 0.233559 0.931333 
2 0.232652 0.931333 
0 29 23037 0.0694035 
1 30 23843 0.0678288 
2 29 23152 0.0692006 
193
0 0.193888 0.944333 
1 0.185791 0.945333 
2 0.190788 0.944 
0 29 23037 0.0695926 
1 30 23843 0.0680547 
2 29 23152 0.0694392 
194
0 0.211064 0.932333 
1 0.192374 0.944333 
2 0.203909 0.936667 
0 29 23037 0.0698555 
1 30 23843 0.0682966 
2 29 23152 0.0696763 
195
0 0.186899 0.942667 
1 0.176754 0.951667 
2 0.176972 0.951333 
0 30 23679 0.068882 
1 30 23752 0.0685864 
2 30 23954 0.0682131 
196
0 0.216459 0.933667 
1 0.20472 0.937 
2 0.204906 0.936333 
0 30 23679 0.0689785 
1 30 23752 0.0686382 
2 30 23954 0.0682621 
197
0 0.198633 0.945333 
1 0.196121 0.948333 
2 0.197403 0.946667 
0 30 23679 0.0691244 
1 30 23752 0.0687704 
2 30 23954 0.0683923 
198
0 0.164566 0.947333 
1 0.161392 0.946667 
2 0.161038 0.946333 
0 30 23679 0.0692846 
1 30 23752 0.0689463 
2 30 23954 0.0685671 
199
0 0.206958 0.940667 
1 0.209311 0.939 
2 0.207247 0.94 
0 30 23679 0.0695246 
1 30 23752 0.0691352 
2 30 23954 0.0687563 
200
0 0.206469 0.947 
1 0.213302 0.943333 
2 0.208035 0.944333 
0 30 23679 0.0696073 
1 30 23752 0.0691863 
2 30 23954 0.0688111 
201
0 0.216725 0.936333 
1 0.214854 0.94 
2 0.216434 0.940667 
0 30 23679 0.0697247 
1 30 23752 0.0693175 
2 30 23954 0.068941 
202
0 0.205257 0.945333 
1 0.197704 0.941 
2 0.195055 0.944667 
0 30 23679 0.0699149 
1 30 23752 0.069524 
2 30 23954 0.069144 
203
0 0.174836 0.949333 
1 0.178503 0.946333 
2 0.179822 0.948 
0 30 23679 0.0701072 
1 30 23752 0.0697813 
2 30 23954 0.0693833 
204
0 0.1601 0.954667 
1 0.178653 0.949333 
2 0.165704 0.951667 
0 30 23679 0.0702848 
1 30 23752 0.0699886 
2 30 23954 0.0695437 
205
0 0.205331 0.944667 
1 0.208658 0.945667 
2 0.21618 0.942 
0 30 23679 0.0704739 
1 30 23752 0.070157 
2 30 23954 0.0696896 
206
0 0.15789 0.955667 
1 0.190579 0.94 
2 0.177984 0.946667 
0 30 23679 0.0706288 
1 30 23752 0.0703295 
2 30 23954 0.0698562 
207
0 0.195486 0.946 
1 0.201863 0.941333 
2 0.199747 0.945 
0 30 23679 0.0707828 
1 30 23752 0.0704315 
2 30 23954 0.0699654 
208
0 0.185678 0.949 
1 0.177206 0.951333 
2 0.186868 0.946667 
0 30 23679 0.0709264 
1 30 23752 0.0706067 
2 30 23954 0.0700988 
209
0 0.175311 0.948 
1 0.168221 0.950333 
2 0.172172 0.949333 
0 30 23679 0.0710683 
1 30 23752 0.0707294 
2 30 23954 0.0702789 
210
0 0.183104 0.946667 
1 0.177728 0.949 
2 0.18558 0.946333 
0 30 23679 0.071249 
1 30 23752 0.0709373 
2 30 23954 0.0704626 
211
0 0.190725 0.938333 
1 0.17872 0.941 
2 0.174526 0.945333 
0 30 23679 0.0714122 
1 30 23752 0.0710852 
2 30 23954 0.0706292 
212
0 0.177022 0.948333 
1 0.166707 0.954333 
2 0.181412 0.945667 
0 30 23679 0.0715898 
1 30 23752 0.0711984 
2 30 23954 0.0708289 
213
0 0.190477 0.942333 
1 0.18207 0.946333 
2 0.194228 0.943667 
0 30 23679 0.0717783 
1 30 23752 0.0713336 
2 30 23954 0.0710223 
214
0 0.177228 0.947 
1 0.167439 0.948667 
2 0.172891 0.947667 
0 30 23679 0.0718725 
1 30 23752 0.0715095 
2 30 23954 0.0711901 
215
0 0.178851 0.944 
1 0.15682 0.949333 
2 0.171704 0.95 
0 30 23679 0.0720287 
1 30 23752 0.0716422 
2 30 23954 0.0713539 
216
0 0.212329 0.94 
1 0.181863 0.946667 
2 0.20649 0.943333 
0 30 23679 0.0721938 
1 30 23752 0.0717373 
2 30 23954 0.0714896 
217
0 0.203351 0.944333 
1 0.197729 0.946667 
2 0.215174 0.944333 
0 30 23679 0.0724151 
1 30 23752 0.0718808 
2 30 23954 0.0716532 
218
0 0.198877 0.945667 
1 0.222124 0.935333 
2 0.202232 0.941333 
0 30 23679 0.072526 
1 30 23752 0.0719127 
2 30 23954 0.0717679 
219
0 0.160883 0.950667 
1 0.171415 0.950333 
2 0.187672 0.943333 
0 30 23679 0.0727699 
1 30 23752 0.0720908 
2 30 23954 0.0719886 
220
0 0.173744 0.95 
1 0.189536 0.944333 
2 0.201023 0.941 
0 30 23679 0.0728981 
1 30 23752 0.0722655 
2 30 23954 0.0722241 
221
0 0.185014 0.94 
1 0.169496 0.944333 
2 0.174622 0.944667 
0 30 23679 0.0730167 
1 30 23752 0.0724136 
2 30 23954 0.072332 
222
0 0.193284 0.938 
1 0.177052 0.943333 
2 0.198139 0.935 
0 30 23679 0.0731669 
1 30 23752 0.0726014 
2 30 23954 0.0724729 
223
0 0.182088 0.946 
1 0.186915 0.945 
2 0.18565 0.943333 
0 30 23679 0.0733643 
1 30 23752 0.0728147 
2 30 23954 0.0726931 
224
0 0.205625 0.947333 
1 0.208028 0.943667 
2 0.206663 0.948667 
0 30 23679 0.073585 
1 30 23752 0.0729977 
2 30 23954 0.0729569 
225
0 0.176353 0.946 
1 0.184722 0.946333 
2 0.195329 0.944333 
0 30 23679 0.0737841 
1 30 23752 0.0731247 
2 30 23954 0.0731788 
226
0 0.200642 0.945667 
1 0.213162 0.943333 
2 0.238394 0.936333 
0 30 23679 0.0740344 
1 30 23752 0.0733736 
2 30 23954 0.0734776 
227
0 0.181739 0.946333 
1 0.189397 0.942667 
2 0.182647 0.947667 
0 30 23679 0.0741297 
1 30 23752 0.0734844 
2 30 23954 0.073577 
228
0 0.201774 0.943333 
1 0.181012 0.948667 
2 0.201089 0.946 
0 30 23679 0.0742494 
1 30 23752 0.0736231 
2 30 23954 0.0737123 
229
0 0.183277 0.949667 
1 0.192284 0.941 
2 0.201576 0.936 
0 30 23679 0.0743511 
1 30 23752 0.0738063 
2 30 23954 0.0738492 
230
0 0.176646 0.954667 
1 0.185299 0.951 
2 0.191442 0.95 
0 30 23679 0.0745097 
1 30 23752 0.0739967 
2 30 23954 0.0740181 
231
0 0.193324 0.942 
1 0.204679 0.938667 
2 0.222241 0.932333 
0 30 23679 0.0746993 
1 30 23752 0.0741912 
2 30 23954 0.0741664 
232
0 0.185152 0.949333 
1 0.184159 0.949333 
2 0.211842 0.940667 
0 30 23679 0.0748643 
1 30 23752 0.0744605 
2 30 23954 0.074315 
233
0 0.195037 0.941667 
1 0.179142 0.947667 
2 0.18432 0.948667 
0 30 23679 0.0750744 
1 30 23752 0.0746763 
2 30 23954 0.074538 
234
0 0.14518 0.956333 
1 0.141472 0.954333 
2 0.146016 0.955333 
0 30 23679 0.0753145 
1 30 23752 0.0749338 
2 30 23954 0.0747952 
235
0 0.190855 0.942667 
1 0.234324 0.928 
2 0.219815 0.936667 
0 30 23679 0.0754401 
1 30 23752 0.0750931 
2 30 23954 0.0749195 
236
0 0.194571 0.944667 
1 0.192291 0.946333 
2 0.220534 0.934333 
0 30 23679 0.0756203 
1 30 23752 0.0752674 
2 30 23954 0.0751517 
237
0 0.193944 0.945667 
1 0.205662 0.939 
2 0.200151 0.946667 
0 30 23679 0.0758154 
1 30 23752 0.0754186 
2 30 23954 0.0754033 
238
0 0.133451 0.961333 
1 0.135493 0.962667 
2 0.137761 0.958 
0 30 23679 0.0760956 
1 30 23752 0.0755983 
2 30 23954 0.0756993 
239
0 0.1755 0.946333 
1 0.205104 0.937333 
2 0.193339 0.944333 
0 30 23679 0.0761739 
1 30 23752 0.0756715 
2 30 23954 0.0758443 
240
0 0.181436 0.946333 
1 0.184914 0.952 
2 0.201409 0.945 
0 30 23679 0.0763003 
1 30 23752 0.0758826 
2 30 23954 0.0759646 
241
0 0.190568 0.954667 
1 0.196662 0.948 
2 0.210754 0.950667 
0 30 23679 0.0764629 
1 30 23752 0.0760696 
2 30 23954 0.0761331 
242
0 0.200728 0.946333 
1 0.189758 0.944 
2 0.190544 0.950667 
0 30 23679 0.0765859 
1 30 23752 0.0762272 
2 30 23954 0.0762556 
243
0 0.176382 0.949667 
1 0.1688 0.951667 
2 0.18086 0.948667 
0 30 23679 0.0767615 
1 30 23752 0.0763664 
2 30 23954 0.0763538 
244
0 0.201102 0.944333 
1 0.194896 0.941667 
2 0.195593 0.941333 
0 30 23679 0.0769284 
1 30 23752 0.0765215 
2 30 23954 0.0765065 
245
0 0.164038 0.955667 
1 0.173151 0.948333 
2 0.168353 0.951333 
0 30 23679 0.0770771 
1 30 23752 0.0767719 
2 30 23954 0.0767163 
246
0 0.189119 0.944667 
1 0.182582 0.947333 
2 0.165309 0.947333 
0 30 23679 0.0772193 
1 30 23752 0.0769246 
2 30 23954 0.0768516 
247
0 0.21747 0.933667 
1 0.220163 0.932667 
2 0.200359 0.939333 
0 30 23679 0.077323 
1 30 23752 0.0771074 
2 30 23954 0.0769394 
248
0 0.202171 0.94 
1 0.20589 0.936667 
2 0.214446 0.932667 
0 30 23679 0.0773889 
1 30 23752 0.077248 
2 30 23954 0.0770607 
249
0 0.218741 0.943 
1 0.210032 0.938333 
2 0.226794 0.94 
0 30 23679 0.0776015 
1 30 23752 0.0774437 
2 30 23954 0.0771525 
250
0 0.241755 0.933667 
1 0.250825 0.932333 
2 0.24981 0.932333 
0 30 23679 0.0778405 
1 30 23752 0.0776486 
2 30 23954 0.077367 
251
0 0.200093 0.94 
1 0.180138 0.947 
2 0.199849 0.941 
0 30 23679 0.0779914 
1 30 23752 0.0777275 
2 30 23954 0.077504 
252
0 0.186068 0.943 
1 0.20135 0.944 
2 0.203642 0.938667 
0 30 23679 0.0781655 
1 30 23752 0.0779135 
2 30 23954 0.0777391 
253
0 0.137014 0.959667 
1 0.160208 0.953667 
2 0.154743 0.955667 
0 30 23679 0.0782959 
1 30 23752 0.0780591 
2 30 23954 0.0778899 
254
0 0.198561 0.95 
1 0.203837 0.945 
2 0.268154 0.928667 
0 30 23679 0.07838 
1 30 23752 0.0781689 
2 30 23954 0.078029 
255
0 0.172446 0.950667 
1 0.196969 0.943667 
2 0.191411 0.945 
0 30 23679 0.0784705 
1 30 23752 0.0783216 
2 30 23954 0.0782327 
256
0 0.187577 0.945333 
1 0.175064 0.943 
2 0.166382 0.945333 
0 30 23679 0.0786392 
1 30 23752 0.0784505 
2 30 23954 0.0784083 
257
0 0.226588 0.933333 
1 0.187513 0.946333 
2 0.205357 0.939333 
0 30 23679 0.0787876 
1 30 23752 0.0786098 
2 30 23954 0.0786061 
258
0 0.220081 0.942667 
1 0.196057 0.948667 
2 0.195917 0.949 
0 30 23273 0.0803442 
1 32 24891 0.0766233 
2 31 24254 0.0779397 
259
0 0.169073 0.951667 
1 0.155391 0.954667 
2 0.155889 0.953 
0 30 23273 0.0804915 
1 32 24891 0.0767012 
2 31 24254 0.0780272 
260
0 0.178117 0.951667 
1 0.172658 0.948667 
2 0.171354 0.948667 
0 30 23273 0.0806878 
1 32 24891 0.0767732 
2 31 24254 0.0781091 
261
0 0.201064 0.943 
1 0.203588 0.944 
2 0.198546 0.946 
0 30 23273 0.0808817 
1 32 24891 0.0768759 
2 31 24254 0.0782197 
262
0 0.205966 0.951667 
1 0.179427 0.952667 
2 0.180444 0.949667 
0 30 23273 0.0810691 
1 32 24891 0.077025 
2 31 24254 0.0783747 
263
0 0.184335 0.948333 
1 0.173767 0.956667 
2 0.180164 0.954 
0 30 23273 0.0811614 
1 32 24891 0.0770542 
2 31 24254 0.0784249 
264
0 0.201434 0.947333 
1 0.19961 0.944667 
2 0.224733 0.936 
0 30 23273 0.0813909 
1 32 24891 0.0772513 
2 31 24254 0.0786341 
265
0 0.187338 0.946 
1 0.205862 0.936667 
2 0.208465 0.935 
0 30 23273 0.0816472 
1 32 24891 0.0775212 
2 31 24254 0.0788746 
266
0 0.183415 0.947 
1 0.188595 0.947 
2 0.197742 0.942333 
0 30 23273 0.0817704 
1 32 24891 0.077671 
2 31 24254 0.0790246 
267
0 0.195955 0.950333 
1 0.193967 0.951 
2 0.183909 0.953667 
0 30 23273 0.081871 
1 32 24891 0.0777712 
2 31 24254 0.0791815 
268
0 0.173906 0.948667 
1 0.172234 0.952 
2 0.166363 0.955 
0 30 23273 0.0819357 
1 32 24891 0.0778411 
2 31 24254 0.0793184 
269
0 0.186282 0.942667 
1 0.200179 0.946333 
2 0.192801 0.946667 
0 30 23273 0.0820766 
1 32 24891 0.0779612 
2 31 24254 0.079386 
270
0 0.176948 0.946 
1 0.177633 0.942667 
2 0.172076 0.946 
0 30 23273 0.0822585 
1 32 24891 0.0781025 
2 31 24254 0.0795685 
271
0 0.160494 0.960333 
1 0.17528 0.955 
2 0.175419 0.955333 
0 30 23273 0.0824069 
1 32 24891 0.0782223 
2 31 24254 0.0797192 
272
0 0.17488 0.95 
1 0.167908 0.950333 
2 0.169519 0.948 
0 30 23273 0.0825565 
1 32 24891 0.0783167 
2 31 24254 0.0798108 
273
0 0.160826 0.956 
1 0.162802 0.953333 
2 0.166723 0.953667 
0 30 23273 0.0827023 
1 32 24891 0.0784985 
2 31 24254 0.0799584 
274
0 0.17512 0.951667 
1 0.169682 0.951 
2 0.194021 0.947667 
0 30 23273 0.0829352 
1 32 24891 0.078729 
2 31 24254 0.0802049 
275
0 0.213699 0.941667 
1 0.197253 0.946 
2 0.202991 0.945333 
0 30 23273 0.0830812 
1 32 24891 0.078848 
2 31 24254 0.0803005 
276
0 0.175021 0.952 
1 0.162126 0.955333 
2 0.164928 0.956333 
0 30 23273 0.0832086 
1 32 24891 0.0789045 
2 31 24254 0.0803757 
277
0 0.146669 0.956333 
1 0.173922 0.954333 
2 0.163749 0.953667 
0 30 23273 0.0833412 
1 32 24891 0.0790792 
2 31 24254 0.0805308 
278
0 0.234571 0.926333 
1 0.240211 0.926333 
2 0.238468 0.926333 
0 30 23273 0.0834858 
1 32 24891 0.0792619 
2 31 24254 0.0807786 
279
0 0.187535 0.944333 
1 0.193845 0.944333 
2 0.174909 0.950667 
0 30 23273 0.0836582 
1 32 24891 0.0794404 
2 31 24254 0.080994 
280
0 0.157823 0.954333 
1 0.164768 0.955333 
2 0.162696 0.958333 
0 30 23273 0.083763 
1 32 24891 0.0795888 
2 31 24254 0.0811351 
281
0 0.156164 0.952 
1 0.157183 0.957667 
2 0.152919 0.956333 
0 30 23273 0.0839176 
1 32 24891 0.0797666 
2 31 24254 0.0813345 
282
0 0.161578 0.957667 
1 0.177102 0.955333 
2 0.169938 0.955333 
0 30 23273 0.0840828 
1 32 24891 0.079975 
2 31 24254 0.0815161 
283
0 0.196107 0.941 
1 0.190685 0.946667 
2 0.205857 0.944667 
0 30 23273 0.0842511 
1 32 24891 0.0801851 
2 31 24254 0.0816641 
284
0 0.201977 0.938667 
1 0.170494 0.947667 
2 0.188801 0.94 
0 30 23273 0.0844111 
1 32 24891 0.080343 
2 31 24254 0.0818018 
285
0 0.175538 0.949333 
1 0.176486 0.95 
2 0.172367 0.949667 
0 30 23273 0.0845875 
1 32 24891 0.0804854 
2 31 24254 0.0819649 
286
0 0.183743 0.952 
1 0.174961 0.950333 
2 0.197785 0.945667 
0 30 23273 0.0847286 
1 32 24891 0.0805703 
2 31 24254 0.0820826 
287
0 0.197127 0.943667 
1 0.173791 0.948333 
2 0.175656 0.951 
0 30 23273 0.0848631 
1 32 24891 0.0806639 
2 31 24254 0.0821933 
288
0 0.186443 0.947 
1 0.188465 0.946333 
2 0.180789 0.949667 
0 30 23273 0.0850615 
1 32 24891 0.0808256 
2 31 24254 0.0823472 
289
0 0.175756 0.948667 
1 0.172077 0.953333 
2 0.174753 0.950333 
0 30 23273 0.0851956 
1 32 24891 0.0810309 
2 31 24254 0.0825468 
290
0 0.167254 0.957333 
1 0.17143 0.956667 
2 0.186026 0.950667 
0 30 23273 0.085339 
1 32 24891 0.0812004 
2 31 24254 0.0827093 
291
0 0.170632 0.951 
1 0.171378 0.954667 
2 0.166462 0.951 
0 30 23273 0.0853646 
1 32 24891 0.0813493 
2 31 24254 0.0827397 
292
0 0.177481 0.946333 
1 0.175509 0.947 
2 0.197768 0.943667 
0 30 23273 0.0855105 
1 32 24891 0.0815151 
2 31 24254 0.0829099 
293
0 0.200149 0.943333 
1 0.201828 0.942667 
2 0.170267 0.953 
0 30 23273 0.085652 
1 32 24891 0.0816499 
2 31 24254 0.0830679 
294
0 0.183746 0.944333 
1 0.15221 0.954333 
2 0.152027 0.954667 
0 31 23905 0.0844639 
1 31 24482 0.0828668 
2 32 24836 0.0820513 
295
0 0.145188 0.954667 
1 0.14124 0.958333 
2 0.141673 0.958 
0 32 24820 0.0822089 
1 33 25645 0.0803305 
2 32 25295 0.0810787 
296
0 0.130774 0.954 
1 0.128685 0.956 
2 0.128976 0.955333 
0 32 24820 0.0822893 
1 33 25645 0.0803746 
2 32 25295 0.0811258 
297
0 0.167396 0.949333 
1 0.157307 0.949 
2 0.156878 0.949667 
0 32 24820 0.0823507 
1 33 25645 0.0804082 
2 32 25295 0.0811629 
298
0 0.15896 0.959333 
1 0.15383 0.960333 
2 0.15375 0.96 
0 32 24820 0.0824265 
1 33 25645 0.0805159 
2 32 25295 0.0812718 
299
0 0.152835 0.957 
1 0.150104 0.956 
2 0.151515 0.956333 
0 32 24820 0.0825111 
1 33 25645 0.0806093 
2 32 25295 0.0813698 
300
0 0.189609 0.945 
1 0.197103 0.946333 
2 0.198953 0.945333 
0 32 24820 0.0826351 
1 33 25645 0.0807272 
2 32 25295 0.0814954 
301
0 0.166115 0.95 
1 0.168461 0.950333 
2 0.167353 0.951 
0 32 24820 0.0827839 
1 33 25645 0.0808452 
2 32 25295 0.0816094 
302
0 0.1455 0.959667 
1 0.145921 0.954333 
2 0.144514 0.957 
0 32 24820 0.0829629 
1 33 25645 0.0809718 
2 32 25295 0.0817455 
303
0 0.154609 0.956333 
1 0.155418 0.96 
2 0.157306 0.959 
0 32 24820 0.0831005 
1 33 25645 0.0810961 
2 32 25295 0.0818796 
304
0 0.18267 0.950333 
1 0.176885 0.953667 
2 0.193665 0.948333 
0 32 24820 0.0831723 
1 33 25645 0.081174 
2 32 25295 0.0819637 
305
0 0.168606 0.946 
1 0.167542 0.944333 
2 0.161797 0.945 
0 32 24820 0.0832152 
1 33 25645 0.0812032 
2 32 25295 0.0820023 
306
0 0.201133 0.938 
1 0.214807 0.938667 
2 0.207854 0.943667 
0 32 24820 0.0834062 
1 33 25645 0.0813528 
2 32 25295 0.0821623 
307
0 0.164058 0.949667 
1 0.147882 0.957667 
2 0.148583 0.959333 
0 32 24820 0.0835312 
1 33 25645 0.081456 
2 32 25295 0.0822711 
308
0 0.163845 0.953 
1 0.149603 0.953 
2 0.150179 0.953 
0 32 25132 0.0829126 
1 34 26888 0.0790383 
2 33 25912 0.0810875 
309
0 0.193182 0.946333 
1 0.210359 0.947333 
2 0.208976 0.947 
0 32 25132 0.0829388 
1 34 26888 0.079009 
2 33 25912 0.0810632 
310
0 0.152446 0.952667 
1 0.161475 0.953 
2 0.162063 0.953333 
0 32 25132 0.082999 
1 34 26888 0.0790036 
2 33 25912 0.0810608 
311
0 0.162204 0.956333 
1 0.160593 0.953333 
2 0.160252 0.953333 
0 32 25132 0.0830978 
1 34 26888 0.0790563 
2 33 25912 0.0811246 
312
0 0.159807 0.949667 
1 0.159271 0.948 
2 0.159152 0.947333 
0 32 25132 0.083138 
1 34 26888 0.079063 
2 33 25912 0.0811422 
313
0 0.164642 0.948 
1 0.168194 0.948333 
2 0.164891 0.950333 
0 32 25132 0.0831572 
1 34 26888 0.0790971 
2 33 25912 0.0811603 
314
0 0.14613 0.954333 
1 0.159175 0.951 
2 0.150284 0.957 
0 32 25132 0.0832461 
1 34 26888 0.0792236 
2 33 25912 0.0812863 
315
0 0.159187 0.955333 
1 0.171526 0.958333 
2 0.176189 0.954 
0 32 25132 0.0833251 
1 34 26888 0.0793417 
2 33 25912 0.0813924 
316
0 0.182017 0.945333 
1 0.188025 0.943 
2 0.173428 0.945333 
0 32 25132 0.083444 
1 34 26888 0.0794368 
2 33 25912 0.0814946 
317
0 0.166114 0.953333 
1 0.172104 0.953 
2 0.177311 0.95 
0 32 25132 0.0836266 
1 34 26888 0.079622 
2 33 25912 0.0816737 
318
0 0.154441 0.957667 
1 0.159017 0.954667 
2 0.154402 0.956333 
0 32 25132 0.083691 
1 34 26888 0.0796956 
2 33 25912 0.0817544 
319
0 0.165914 0.954333 
1 0.162806 0.953667 
2 0.175692 0.95 
0 32 25132 0.0837385 
1 34 26888 0.0797316 
2 33 25912 0.0818193 
320
0 0.159602 0.948667 
1 0.154287 0.951333 
2 0.161866 0.949 
0 32 25132 0.0838502 
1 34 26888 0.0798446 
2 33 25912 0.0819379 
321
0 0.159876 0.955 
1 0.161908 0.953667 
2 0.162765 0.952333 
0 32 25132 0.0839764 
1 34 26888 0.0799689 
2 33 25912 0.0820817 
322
0 0.191558 0.948333 
1 0.163305 0.949667 
2 0.163149 0.951333 
0 32 25132 0.0840438 
1 34 26888 0.0800811 
2 33 25912 0.082155 
323
0 0.167258 0.956667 
1 0.167682 0.951333 
2 0.170224 0.950667 
0 32 25132 0.0841261 
1 34 26888 0.0801685 
2 33 25912 0.0822387 
324
0 0.131931 0.961667 
1 0.125298 0.962 
2 0.129589 0.959333 
0 32 25132 0.084195 
1 34 26888 0.0802684 
2 33 25912 0.0823083 
325
0 0.136155 0.957667 
1 0.135076 0.958667 
2 0.125462 0.963 
0 32 25132 0.0842791 
1 34 26888 0.0803713 
2 33 25912 0.0824334 
326
0 0.16038 0.951333 
1 0.155104 0.953333 
2 0.163928 0.953333 
0 32 25132 0.0843587 
1 34 26888 0.0804493 
2 33 25912 0.0825243 
327
0 0.184435 0.954333 
1 0.175713 0.952 
2 0.188006 0.948667 
0 32 25132 0.0844531 
1 34 26888 0.0804861 
2 33 25912 0.0825565 
328
0 0.173146 0.949 
1 0.158789 0.956 
2 0.17737 0.952667 
0 32 25132 0.0845274 
1 34 26888 0.0805749 
2 33 25912 0.0826641 
329
0 0.154372 0.950333 
1 0.137479 0.956333 
2 0.16041 0.954 
0 32 25132 0.0846958 
1 34 26888 0.0807023 
2 33 25912 0.0828031 
330
0 0.159405 0.956667 
1 0.177747 0.952 
2 0.174265 0.953667 
0 32 25132 0.0847998 
1 34 26888 0.0807884 
2 33 25912 0.0828822 
331
0 0.169303 0.955333 
1 0.172882 0.956667 
2 0.173764 0.955333 
0 32 25132 0.0849593 
1 34 26888 0.0809138 
2 33 25912 0.0830269 
332
0 0.159183 0.953667 
1 0.161141 0.957 
2 0.171946 0.956333 
0 32 25132 0.0849784 
1 34 26888 0.0809264 
2 33 25912 0.0830322 
333
0 0.184631 0.948 
1 0.189767 0.945333 
2 0.181261 0.948667 
0 32 25132 0.0849507 
1 34 26888 0.0808791 
2 33 25912 0.0829558 
334
0 0.19338 0.946667 
1 0.187898 0.948 
2 0.209954 0.942 
0 32 25132 0.0850542 
1 34 26888 0.0809656 
2 33 25912 0.0830049 
335
0 0.174592 0.952 
1 0.167814 0.947333 
2 0.162768 0.952333 
0 32 25132 0.0852374 
1 34 26888 0.0810657 
2 33 25912 0.0831066 
336
0 0.148127 0.954 
1 0.147824 0.955333 
2 0.128136 0.958333 
0 32 25132 0.0853797 
1 34 26888 0.0812 
2 33 25912 0.0832001 
337
0 0.153897 0.956667 
1 0.150796 0.957 
2 0.143013 0.959667 
0 32 25132 0.0853894 
1 34 26888 0.0812273 
2 33 25912 0.0832569 
338
0 0.179263 0.952667 
1 0.178834 0.95 
2 0.161972 0.957 
0 32 25132 0.0854587 
1 34 26888 0.0812954 
2 33 25912 0.0833579 
339
0 0.162581 0.954333 
1 0.136933 0.956 
2 0.150045 0.953667 
0 32 25132 0.085599 
1 34 26888 0.0814454 
2 33 25912 0.0834748 
340
0 0.194144 0.944667 
1 0.152422 0.957 
2 0.152225 0.955333 
0 32 25132 0.085685 
1 34 26888 0.081522 
2 33 25912 0.0835353 
341
0 0.136752 0.962 
1 0.125341 0.966333 
2 0.125387 0.966667 
0 34 26487 0.0828966 
1 35 27596 0.0804754 
2 36 28030 0.0795987 
342
0 0.156478 0.955333 
1 0.151483 0.958667 
2 0.151399 0.958667 
0 34 26487 0.0829721 
1 35 27596 0.0805216 
2 36 28030 0.0796429 
343
0 0.15173 0.958333 
1 0.139868 0.957333 
2 0.139915 0.957333 
0 34 26487 0.0830989 
1 35 27596 0.0806087 
2 36 28030 0.0797282 
344
0 0.164717 0.946 
1 0.151476 0.951 
2 0.151174 0.951 
0 34 26487 0.0831582 
1 35 27596 0.0806348 
2 36 28030 0.0797496 
345
0 0.156518 0.952 
1 0.160105 0.953667 
2 0.160515 0.953333 
0 34 26487 0.0832979 
1 35 27596 0.0807294 
2 36 28030 0.0798342 
346
0 0.161302 0.956667 
1 0.161948 0.956667 
2 0.164088 0.956 
0 34 26487 0.0834046 
1 35 27596 0.0808297 
2 36 28030 0.0799339 
347
0 0.162604 0.956 
1 0.154262 0.964 
2 0.157152 0.962667 
0 34 26487 0.0834089 
1 35 27596 0.080904 
2 36 28030 0.0800085 
348
0 0.158803 0.956333 
1 0.151799 0.957667 
2 0.154091 0.957667 
0 34 26487 0.0835602 
1 35 27596 0.0809911 
2 36 28030 0.0800988 
349
0 0.198005 0.940667 
1 0.178409 0.947333 
2 0.169874 0.949333 
0 34 26487 0.0836322 
1 35 27596 0.0811059 
2 36 28030 0.0801985 
350
0 0.181464 0.948667 
1 0.168188 0.955333 
2 0.169422 0.954 
0 34 26487 0.0837335 
1 35 27596 0.0812164 
2 36 28030 0.0802961 
351
0 0.141608 0.957 
1 0.146042 0.958667 
2 0.140282 0.961333 
0 34 26487 0.0838472 
1 35 27596 0.0812886 
2 36 28030 0.0803727 
352
0 0.154108 0.953333 
1 0.149066 0.956333 
2 0.152026 0.955 
0 34 26487 0.083935 
1 35 27596 0.0813639 
2 36 28030 0.0804433 
353
0 0.1634 0.957333 
1 0.160071 0.957667 
2 0.153365 0.962 
0 34 26487 0.0839956 
1 35 27596 0.0814575 
2 36 28030 0.0805052 
354
0 0.178415 0.95 
1 0.161379 0.953667 
2 0.162497 0.953667 
0 34 26487 0.0841068 
1 35 27596 0.0815629 
2 36 28030 0.0806004 
355
0 0.159953 0.958333 
1 0.151595 0.959667 
2 0.149914 0.961667 
0 34 26487 0.0841861 
1 35 27596 0.0816459 
2 36 28030 0.0806882 
356
0 0.144689 0.951667 
1 0.145104 0.953667 
2 0.148987 0.953667 
0 34 26487 0.0842398 
1 35 27596 0.0816658 
2 36 28030 0.0807298 
357
0 0.182917 0.955 
1 0.173808 0.955667 
2 0.174015 0.950667 
0 34 26487 0.0843979 
1 35 27596 0.0817769 
2 36 28030 0.0808368 
358
0 0.186761 0.95 
1 0.236209 0.93 
2 0.213786 0.942667 
0 34 26487 0.0845074 
1 35 27596 0.081861 
2 36 28030 0.0809681 
359
0 0.173794 0.957 
1 0.193034 0.949 
2 0.195435 0.949667 
0 34 26487 0.0845448 
1 35 27596 0.0819339 
2 36 28030 0.0810183 
360
0 0.163808 0.956667 
1 0.178016 0.955667 
2 0.170986 0.959333 
0 34 26487 0.0846945 
1 35 27596 0.0820547 
2 36 28030 0.0810463 
361
0 0.169814 0.956667 
1 0.154858 0.959333 
2 0.162792 0.950333 
0 34 26487 0.0847225 
1 35 27596 0.0820424 
2 36 28030 0.0810594 
362
0 0.168522 0.952333 
1 0.148213 0.957667 
2 0.159851 0.960667 
0 34 26487 0.0847761 
1 35 27596 0.0820584 
2 36 28030 0.081134 
363
0 0.205719 0.941667 
1 0.196502 0.941333 
2 0.179043 0.951667 
0 34 26487 0.08483 
1 35 27596 0.082194 
2 36 28030 0.0812258 
364
0 0.144408 0.958667 
1 0.140065 0.956 
2 0.139783 0.956667 
0 36 27684 0.0822437 
1 37 29426 0.0787845 
2 37 29041 0.079521 
365
0 0.169389 0.951 
1 0.15769 0.957 
2 0.156508 0.956667 
0 36 27684 0.0823079 
1 37 29426 0.0788261 
2 37 29041 0.0795716 
366
0 0.150156 0.952667 
1 0.140444 0.957 
2 0.140545 0.957667 
0 36 27684 0.0823302 
1 37 29426 0.0788629 
2 37 29041 0.0796137 
367
0 0.159643 0.95 
1 0.1513 0.954 
2 0.148646 0.955 
0 36 27684 0.0824458 
1 37 29426 0.0789439 
2 37 29041 0.079698 
368
0 0.159715 0.955 
1 0.145835 0.954667 
2 0.148609 0.955 
0 36 27684 0.0824738 
1 37 29426 0.0789757 
2 37 29041 0.0797368 
369
0 0.136455 0.963333 
1 0.135336 0.966333 
2 0.138897 0.962 
0 36 27684 0.0826124 
1 37 29426 0.0790469 
2 37 29041 0.0798091 
370
0 0.138181 0.955333 
1 0.137976 0.956333 
2 0.14097 0.958 
0 36 27684 0.0827143 
1 37 29426 0.0791227 
2 37 29041 0.0799006 
371
0 0.158171 0.953 
1 0.164325 0.950667 
2 0.161319 0.951667 
0 36 27684 0.0828331 
1 37 29426 0.0792216 
2 37 29041 0.0800136 
372
0 0.169495 0.96 
1 0.177209 0.959 
2 0.17245 0.959667 
0 36 27684 0.0828764 
1 37 29426 0.0792526 
2 37 29041 0.0800564 
373
0 0.143631 0.958 
1 0.140373 0.961 
2 0.137904 0.964 
0 36 27684 0.0829293 
1 37 29426 0.0793108 
2 37 29041 0.0801186 
374
0 0.135928 0.963333 
1 0.146885 0.961667 
2 0.141685 0.960333 
0 36 27684 0.0829311 
1 37 29426 0.0793143 
2 37 29041 0.0801213 
375
0 0.184011 0.948333 
1 0.174144 0.951667 
2 0.176443 0.951333 
0 36 27684 0.0829926 
1 37 29426 0.079352 
2 37 29041 0.0801691 
376
0 0.14064 0.961333 
1 0.132691 0.965667 
2 0.140308 0.960333 
0 36 27684 0.0831028 
1 37 29426 0.0794856 
2 37 29041 0.0803014 
377
0 0.17431 0.952667 
1 0.18024 0.952667 
2 0.172167 0.954667 
0 36 27684 0.0832164 
1 37 29426 0.0795723 
2 37 29041 0.0803943 
378
0 0.142846 0.957 
1 0.145162 0.957 
2 0.141527 0.957 
0 36 27684 0.0832247 
1 37 29426 0.0795668 
2 37 29041 0.0804055 
379
0 0.131872 0.960667 
1 0.143333 0.958 
2 0.141289 0.960667 
0 36 27684 0.0833313 
1 37 29426 0.0796521 
2 37 29041 0.0804698 
380
0 0.156254 0.959 
1 0.162227 0.959 
2 0.153162 0.961667 
0 36 27684 0.0834792 
1 37 29426 0.0797715 
2 37 29041 0.0805847 
381
0 0.160031 0.956 
1 0.167857 0.951333 
2 0.167053 0.955 
0 36 27684 0.0835418 
1 37 29426 0.0797745 
2 37 29041 0.0806133 
382
0 0.14171 0.958667 
1 0.147519 0.953 
2 0.159836 0.952667 
0 36 27684 0.0835915 
1 37 29426 0.0798051 
2 37 29041 0.0806431 
383
0 0.132406 0.96 
1 0.133136 0.96 
2 0.128002 0.959 
0 36 27684 0.0836489 
1 37 29426 0.0798466 
2 37 29041 0.0806698 
384
0 0.17664 0.95 
1 0.176246 0.953333 
2 0.182007 0.948 
0 36 27684 0.0836955 
1 37 29426 0.0799277 
2 37 29041 0.0807463 
385
0 0.163993 0.956 
1 0.178318 0.955 
2 0.17403 0.955333 
0 36 27684 0.0837801 
1 37 29426 0.0800019 
2 37 29041 0.0808506 
386
0 0.166864 0.956333 
1 0.169866 0.959 
2 0.170471 0.957 
0 36 27684 0.0838775 
1 37 29426 0.080098 
2 37 29041 0.0809738 
387
0 0.144459 0.959333 
1 0.139311 0.962667 
2 0.135248 0.961667 
0 36 27684 0.0838996 
1 37 29426 0.0801316 
2 37 29041 0.0809973 
388
0 0.12461 0.962 
1 0.120629 0.962667 
2 0.115773 0.967333 
0 36 27684 0.0840018 
1 37 29426 0.0802483 
2 37 29041 0.0811079 
389
0 0.157178 0.957333 
1 0.152452 0.958667 
2 0.144841 0.961 
0 36 27684 0.0840481 
1 37 29426 0.0803251 
2 37 29041 0.0811794 
390
0 0.164355 0.954 
1 0.175746 0.952667 
2 0.16422 0.956333 
0 36 27684 0.0841273 
1 37 29426 0.080367 
2 37 29041 0.0812539 
391
0 0.120799 0.962667 
1 0.115971 0.966667 
2 0.116772 0.966 
0 36 27684 0.0841332 
1 37 29426 0.0803922 
2 37 29041 0.0812666 
392
0 0.147713 0.96 
1 0.130352 0.963 
2 0.131128 0.963667 
0 36 27684 0.0841584 
1 37 29426 0.0804365 
2 37 29041 0.0812755 
393
0 0.13633 0.959667 
1 0.144282 0.958667 
2 0.144095 0.956667 
0 36 27684 0.084138 
1 37 29426 0.0804518 
2 37 29041 0.0812836 
394
0 0.141688 0.963667 
1 0.142055 0.963 
2 0.139424 0.958 
0 36 27684 0.0842168 
1 37 29426 0.0805501 
2 37 29041 0.0813421 
395
0 0.159868 0.952 
1 0.144256 0.952667 
2 0.147391 0.956 
0 36 27684 0.0843121 
1 37 29426 0.0805954 
2 37 29041 0.0814136 
396
0 0.139975 0.956667 
1 0.136331 0.956 
2 0.135531 0.962667 
0 36 27684 0.0843299 
1 37 29426 0.0806431 
2 37 29041 0.081472 
397
0 0.14955 0.957333 
1 0.127968 0.963333 
2 0.138654 0.960667 
0 36 27684 0.0843432 
1 37 29426 0.0806548 
2 37 29041 0.0814109 
398
0 0.187805 0.958 
1 0.16668 0.959333 
2 0.161788 0.958667 
0 36 27684 0.0844284 
1 37 29426 0.0806932 
2 37 29041 0.0814466 
399
0 0.165652 0.957 
1 0.164593 0.956667 
2 0.164571 0.955667 
0 36 27684 0.0844646 
1 37 29426 0.0807437 
2 37 29041 0.0814839 
400
0 0.165617 0.961 
1 0.158388 0.957333 
2 0.158906 0.959 
0 36 27684 0.0844758 
1 37 29426 0.0807691 
2 37 29041 0.0815126 
401
0 0.143878 0.954 
1 0.13963 0.957333 
2 0.139247 0.958333 
0 36 27684 0.0845076 
1 37 29426 0.080813 
2 37 29041 0.0815684 
402
0 0.162877 0.959333 
1 0.164361 0.957333 
2 0.177718 0.952 
0 36 27684 0.0846236 
1 37 29426 0.0808935 
2 37 29041 0.0816934 
403
0 0.131067 0.960333 
1 0.136115 0.962333 
2 0.13807 0.959 
0 36 27684 0.0847368 
1 37 29426 0.0809842 
2 37 29041 0.0818315 
404
0 0.15136 0.950667 
1 0.14969 0.954667 
2 0.146831 0.954333 
0 36 27684 0.0847417 
1 37 29426 0.0810275 
2 37 29041 0.0819147 
405
0 0.163787 0.955667 
1 0.185213 0.946667 
2 0.168217 0.954333 
0 36 27684 0.0847949 
1 37 29426 0.0810992 
2 37 29041 0.0819821 
406
0 0.181263 0.954 
1 0.175091 0.951333 
2 0.183752 0.947333 
0 36 27684 0.084899 
1 37 29426 0.0811717 
2 37 29041 0.0820393 
407
0 0.185471 0.947667 
1 0.204363 0.944 
2 0.185111 0.95 
0 36 27684 0.0849786 
1 37 29426 0.0812791 
2 37 29041 0.0821053 
408
0 0.127839 0.962333 
1 0.123984 0.963667 
2 0.122603 0.963333 
0 36 27684 0.0850359 
1 37 29426 0.0813455 
2 37 29041 0.0821863 
409
0 0.161645 0.958333 
1 0.169354 0.954333 
2 0.147799 0.957333 
0 36 27684 0.0851233 
1 37 29426 0.0814533 
2 37 29041 0.0822065 
410
0 0.183604 0.952333 
1 0.181004 0.948 
2 0.167186 0.954667 
0 36 27684 0.0851781 
1 37 29426 0.0815423 
2 37 29041 0.0822645 
411
0 0.157636 0.954667 
1 0.147395 0.959667 
2 0.148139 0.96 
0 36 27684 0.0851639 
1 37 29426 0.0816224 
2 37 29041 0.0823185 
412
0 0.153334 0.945 
1 0.151655 0.951667 
2 0.152738 0.951 
0 36 27684 0.0851429 
1 37 29426 0.0816042 
2 37 29041 0.0823417 
413
0 0.121139 0.963667 
1 0.123538 0.963333 
2 0.129992 0.960333 
0 36 27684 0.0851629 
1 37 29426 0.0816259 
2 37 29041 0.082347 
414
0 0.168796 0.951 
1 0.160544 0.953 
2 0.158215 0.954 
0 36 27684 0.0852166 
1 37 29426 0.0816049 
2 37 29041 0.0823783 
415
0 0.144939 0.958 
1 0.135954 0.963667 
2 0.146794 0.955333 
0 36 27684 0.0853051 
1 37 29426 0.0816502 
2 37 29041 0.0824484 
416
0 0.136419 0.963 
1 0.140145 0.962333 
2 0.135293 0.961333 
0 36 27684 0.0853621 
1 37 29426 0.0816933 
2 37 29041 0.0824945 
417
0 0.17221 0.954667 
1 0.160508 0.953 
2 0.153692 0.953333 
0 36 27684 0.0854837 
1 37 29426 0.0817689 
2 37 29041 0.0826235 
418
0 0.145818 0.958 
1 0.174956 0.953333 
2 0.16521 0.953333 
0 36 27684 0.0855215 
1 37 29426 0.0818503 
2 37 29041 0.0826952 
419
0 0.155826 0.958333 
1 0.167984 0.951 
2 0.167407 0.953333 
0 36 27684 0.0855937 
1 37 29426 0.0819403 
2 37 29041 0.0827618 
420
0 0.182833 0.949667 
1 0.172419 0.955 
2 0.186184 0.948 
0 36 27684 0.085717 
1 37 29426 0.0820451 
2 37 29041 0.082882 
421
0 0.139255 0.961 
1 0.137593 0.965 
2 0.147843 0.956667 
0 36 27684 0.0857819 
1 37 29426 0.0821089 
2 37 29041 0.082976 
422
0 0.161623 0.955333 
1 0.186418 0.949667 
2 0.181245 0.949 
0 36 27684 0.085848 
1 37 29426 0.0821314 
2 37 29041 0.0830232 
423
0 0.128852 0.964667 
1 0.141449 0.960667 
2 0.144439 0.963 
0 36 27684 0.0859349 
1 37 29426 0.0821915 
2 37 29041 0.0831431 
424
0 0.152229 0.957667 
1 0.173567 0.949 
2 0.156244 0.948667 
0 36 27684 0.0859085 
1 37 29426 0.0822266 
2 37 29041 0.0831561 
425
0 0.129272 0.959667 
1 0.132929 0.96 
2 0.127801 0.960667 
0 36 27684 0.0859659 
1 37 29426 0.0822939 
2 37 29041 0.083162 
426
0 0.161003 0.959667 
1 0.152525 0.959333 
2 0.147627 0.957 
0 36 27684 0.0860191 
1 37 29426 0.0822868 
2 37 29041 0.0831898 
427
0 0.143787 0.959333 
1 0.138649 0.956667 
2 0.17624 0.949667 
0 36 27684 0.086112 
1 37 29426 0.082301 
2 37 29041 0.0832945 
428
0 0.130723 0.959667 
1 0.136841 0.959 
2 0.137923 0.957667 
0 36 27684 0.0861754 
1 37 29426 0.0823842 
2 37 29041 0.0833317 
429
0 0.134012 0.963 
1 0.123884 0.963 
2 0.132126 0.961 
0 36 27684 0.086234 
1 37 29426 0.0824124 
2 37 29041 0.0833902 
430
0 0.152111 0.957667 
1 0.158765 0.954 
2 0.160339 0.952333 
0 36 27684 0.0862508 
1 37 29426 0.082462 
2 37 29041 0.0833911 
431
0 0.143199 0.963667 
1 0.150639 0.958667 
2 0.153597 0.957667 
0 36 27684 0.0862603 
1 37 29426 0.0824873 
2 37 29041 0.0834801 
432
0 0.148884 0.960333 
1 0.132759 0.963667 
2 0.142554 0.960667 
0 36 27684 0.0863228 
1 37 29426 0.0825403 
2 37 29041 0.0835614 
433
0 0.126059 0.962667 
1 0.142772 0.956 
2 0.122008 0.964667 
0 36 27684 0.0863767 
1 37 29426 0.0825696 
2 37 29041 0.083592 
434
0 0.152013 0.959333 
1 0.13446 0.963333 
2 0.128254 0.964667 
0 36 27684 0.0864091 
1 37 29426 0.0826015 
2 37 29041 0.083603 
435
0 0.159542 0.952667 
1 0.150269 0.958 
2 0.151858 0.957 
0 36 27684 0.0864474 
1 37 29426 0.0826008 
2 37 29041 0.0835813 
436
0 0.143164 0.959667 
1 0.148721 0.957667 
2 0.137558 0.960667 
0 36 27684 0.0865274 
1 37 29426 0.0826451 
2 37 29041 0.0836496 
437
0 0.164441 0.959333 
1 0.164347 0.958667 
2 0.150813 0.956333 
0 36 27684 0.0866158 
1 37 29426 0.0827238 
2 37 29041 0.0837647 
438
0 0.150105 0.959333 
1 0.152069 0.96 
2 0.15988 0.957333 
0 36 27684 0.0866649 
1 37 29426 0.0828172 
2 37 29041 0.0838549 
439
0 0.14698 0.963 
1 0.144295 0.961667 
2 0.165212 0.958333 
0 36 27684 0.0867912 
1 37 29426 0.0829258 
2 37 29041 0.0839561 
440
0 0.145453 0.960667 
1 0.151894 0.958 
2 0.158686 0.956333 
0 36 27684 0.086776 
1 37 29426 0.0829656 
2 37 29041 0.083956 
441
0 0.143965 0.96 
1 0.140295 0.957667 
2 0.133965 0.959333 
0 36 27684 0.0867999 
1 37 29426 0.0830158 
2 37 29041 0.0840016 
442
0 0.170457 0.956 
1 0.179988 0.953 
2 0.182822 0.949333 
0 36 27684 0.0868633 
1 37 29426 0.0830828 
2 37 29041 0.0840272 
443
0 0.15105 0.955333 
1 0.159874 0.956 
2 0.140904 0.962 
0 36 27684 0.0869008 
1 37 29426 0.0831604 
2 37 29041 0.0840929 
444
0 0.150887 0.959333 
1 0.16217 0.957 
2 0.162308 0.958333 
0 36 27684 0.0870224 
1 37 29426 0.0832909 
2 37 29041 0.0842119 
445
0 0.149565 0.951 
1 0.155148 0.952 
2 0.147306 0.958333 
0 36 27684 0.0871116 
1 37 29426 0.0833396 
2 37 29041 0.0842959 
446
0 0.157253 0.958 
1 0.156937 0.952667 
2 0.141861 0.962333 
0 36 27684 0.0871225 
1 37 29426 0.0833819 
2 37 29041 0.0843681 
447
0 0.139265 0.960333 
1 0.144144 0.958333 
2 0.157149 0.956667 
0 36 27684 0.0871821 
1 37 29426 0.0834498 
2 37 29041 0.0844568 
448
0 0.167909 0.955333 
1 0.178516 0.957333 
2 0.151983 0.960333 
0 36 27684 0.0872136 
1 37 29426 0.0834938 
2 37 29041 0.0844187 
0 0.159597 0.954 
test accuracy : 0.954
