0
0 2.30389 0.0976667 
1 2.30237 0.113333 
2 2.3015 0.113333 
0 0 0 0 
1 1 630 0.0257641 
2 1 628 0.024934 
1
0 2.30422 0.105667 
1 2.3027 0.105667 
2 2.30272 0.105667 
0 1 630 0.0256797 
1 1 640 0.0258095 
2 2 1279 0.0256396 
2
0 2.30527 0.108 
1 2.30364 0.108 
2 2.30358 0.108 
0 1 630 0.025624 
1 1 640 0.0257439 
2 2 1279 0.0255648 
3
0 2.30943 0.107667 
1 2.30878 0.107667 
2 2.30821 0.107667 
0 1 630 0.0255802 
1 1 640 0.0256997 
2 2 1279 0.0255539 
4
0 2.30343 0.102 
1 2.30277 0.102 
2 2.28999 0.173 
0 1 630 0.0255446 
1 1 640 0.0257574 
2 2 1279 0.0259295 
5
0 2.11784 0.233667 
1 2.19243 0.230667 
2 2.1891 0.236 
0 2 1278 0.0318408 
1 2 1299 0.0289618 
2 2 1290 0.0290719 
6
0 1.84938 0.308667 
1 1.88694 0.307 
2 1.89493 0.305333 
0 2 1287 0.0441486 
1 3 2054 0.0344068 
2 2 1529 0.03724 
7
0 1.65581 0.395667 
1 1.659 0.368667 
2 1.65704 0.387 
0 2 1287 0.0590646 
1 3 2054 0.0452874 
2 2 1529 0.0520062 
8
0 1.52428 0.385333 
1 1.51644 0.408333 
2 1.51708 0.396333 
0 2 1287 0.067886 
1 3 2054 0.0522879 
2 2 1529 0.0614447 
9
0 1.38113 0.495667 
1 1.45105 0.449333 
2 1.44938 0.459 
0 3 2053 0.057105 
1 3 2063 0.053144 
2 4 2711 0.046389 
10
0 1.25192 0.532333 
1 1.29905 0.481333 
2 1.28187 0.502 
0 3 2053 0.0634766 
1 3 2063 0.058563 
2 4 2711 0.0508054 
11
0 1.13185 0.586 
1 1.17154 0.572333 
2 1.16165 0.565333 
0 3 2053 0.068487 
1 3 2063 0.0644278 
2 4 2711 0.0557003 
12
0 1.06487 0.636333 
1 1.08036 0.632667 
2 1.064 0.644 
0 3 2053 0.0718354 
1 3 2063 0.0687432 
2 4 2711 0.059159 
13
0 1.02405 0.636667 
1 1.06443 0.603 
2 1.07595 0.601333 
0 4 2709 0.0626982 
1 4 2858 0.0587115 
2 5 3482 0.0527357 
14
0 0.90763 0.692 
1 0.902403 0.698333 
2 0.899377 0.694333 
0 4 2709 0.0662081 
1 4 2858 0.0618061 
2 5 3482 0.0555177 
15
0 0.860915 0.709 
1 0.897317 0.694333 
2 0.891809 0.699667 
0 4 2857 0.0651808 
1 4 3087 0.0602067 
2 5 3636 0.0549502 
16
0 0.767184 0.728333 
1 0.800102 0.720333 
2 0.81938 0.703333 
0 4 2857 0.0679089 
1 4 3087 0.0628856 
2 5 3636 0.0573581 
17
0 0.791832 0.732 
1 0.794704 0.731 
2 0.818298 0.718667 
0 4 2857 0.0696539 
1 4 3087 0.0650862 
2 5 3636 0.0594719 
18
0 0.756751 0.748333 
1 0.741326 0.752333 
2 0.748533 0.752667 
0 4 2857 0.0709343 
1 4 3087 0.066427 
2 5 3636 0.0608731 
19
0 0.813921 0.728333 
1 0.829493 0.724 
2 0.839391 0.720333 
0 4 2857 0.072024 
1 4 3087 0.0677019 
2 5 3636 0.062308 
20
0 0.780845 0.745333 
1 0.790144 0.734667 
2 0.747236 0.758667 
0 4 2857 0.0730978 
1 4 3087 0.0688534 
2 5 3636 0.0639785 
21
0 0.719344 0.772333 
1 0.734221 0.755667 
2 0.721768 0.762 
0 5 3633 0.0656272 
1 6 4437 0.0574853 
2 5 3765 0.0632627 
22
0 0.573826 0.835 
1 0.569174 0.833 
2 0.565411 0.840667 
0 5 3633 0.0683932 
1 6 4437 0.0596395 
2 5 3765 0.0658207 
23
0 0.566361 0.828667 
1 0.561978 0.827 
2 0.557821 0.828 
0 5 3763 0.068142 
1 5 3821 0.0659051 
2 6 4448 0.0602372 
24
0 0.502309 0.861667 
1 0.49661 0.863333 
2 0.498158 0.863333 
0 5 3763 0.0700255 
1 5 3821 0.067414 
2 6 4448 0.061666 
25
0 0.492653 0.854 
1 0.491652 0.852 
2 0.497646 0.850333 
0 5 3763 0.0716405 
1 5 3821 0.0690765 
2 6 4448 0.0631706 
26
0 0.488286 0.852333 
1 0.53048 0.832333 
2 0.542508 0.828333 
0 5 3763 0.0731736 
1 5 3821 0.0707712 
2 6 4448 0.0646951 
27
0 0.513904 0.849333 
1 0.513738 0.848667 
2 0.515088 0.846667 
0 5 3763 0.0747734 
1 5 3821 0.0725571 
2 6 4448 0.0662905 
28
0 0.564066 0.825333 
1 0.561903 0.823333 
2 0.580364 0.821333 
0 5 3763 0.0755897 
1 5 3821 0.0737334 
2 6 4448 0.0672951 
29
0 0.517311 0.857 
1 0.533187 0.85 
2 0.537969 0.851 
0 5 3763 0.0766525 
1 5 3821 0.0748125 
2 6 4448 0.0682769 
30
0 0.496741 0.857 
1 0.504881 0.854 
2 0.515271 0.851667 
0 5 3763 0.0775126 
1 5 3821 0.0758551 
2 6 4448 0.0691729 
31
0 0.492981 0.857667 
1 0.501907 0.851667 
2 0.505613 0.850333 
0 5 3763 0.0782522 
1 5 3821 0.0766001 
2 6 4448 0.0698313 
32
0 0.465964 0.861 
1 0.462425 0.861333 
2 0.469949 0.86 
0 5 3763 0.0788911 
1 5 3821 0.0771831 
2 6 4448 0.0703254 
33
0 0.482502 0.848333 
1 0.50068 0.843333 
2 0.512218 0.837 
0 5 3763 0.0794752 
1 5 3821 0.0778177 
2 6 4448 0.0709233 
34
0 0.473759 0.862 
1 0.472588 0.86 
2 0.48621 0.857333 
0 5 3763 0.0806248 
1 5 3821 0.079019 
2 6 4448 0.0720413 
35
0 0.460615 0.846667 
1 0.454274 0.853 
2 0.46087 0.850333 
0 5 3763 0.0813437 
1 5 3821 0.0799113 
2 6 4448 0.0728403 
36
0 0.492359 0.852333 
1 0.452904 0.864333 
2 0.454316 0.866 
0 5 3814 0.08112 
1 6 4457 0.0722946 
2 5 3848 0.0797835 
37
0 0.518641 0.849 
1 0.466143 0.865667 
2 0.466142 0.866667 
0 5 3845 0.0800519 
1 6 4595 0.0708921 
2 5 3952 0.0782358 
38
0 0.432401 0.862 
1 0.454678 0.858667 
2 0.466062 0.855 
0 5 3951 0.0789575 
1 6 4620 0.0707915 
2 7 5233 0.0653477 
39
0 0.534477 0.836 
1 0.532503 0.835 
2 0.570365 0.818 
0 5 3951 0.0797157 
1 6 4620 0.0712827 
2 7 5233 0.0658062 
40
0 0.503087 0.853333 
1 0.535575 0.838333 
2 0.547187 0.836 
0 5 3951 0.080417 
1 6 4620 0.071826 
2 7 5233 0.0663046 
41
0 0.510774 0.851 
1 0.482523 0.859333 
2 0.488727 0.856 
0 5 3951 0.0808284 
1 6 4620 0.0721814 
2 7 5233 0.0666341 
42
0 0.463012 0.864667 
1 0.456831 0.862667 
2 0.460114 0.860667 
0 6 4610 0.0729129 
1 6 4747 0.0709174 
2 7 5278 0.0662731 
43
0 0.418947 0.873 
1 0.424899 0.866667 
2 0.42977 0.861333 
0 6 4610 0.0736184 
1 6 4747 0.0716 
2 7 5278 0.0669314 
44
0 0.484526 0.848 
1 0.486489 0.846333 
2 0.493949 0.842333 
0 6 4610 0.0747782 
1 6 4747 0.072717 
2 7 5278 0.0679655 
45
0 0.536296 0.838 
1 0.518509 0.843 
2 0.516351 0.844333 
0 6 4610 0.0757552 
1 6 4747 0.0736126 
2 7 5278 0.0688186 
46
0 0.445162 0.872667 
1 0.43696 0.879667 
2 0.433983 0.879333 
0 7 5271 0.0697927 
1 8 6054 0.0634019 
2 7 5402 0.0681253 
47
0 0.43059 0.874 
1 0.415917 0.882 
2 0.415652 0.882 
0 8 6050 0.0638617 
1 8 6202 0.0624954 
2 8 6067 0.0633322 
48
0 0.490196 0.856667 
1 0.486698 0.855667 
2 0.48739 0.855333 
0 8 6200 0.0629223 
1 9 6852 0.0590682 
2 10 7492 0.0561309 
49
0 0.422161 0.876333 
1 0.432829 0.873333 
2 0.437825 0.872 
0 8 6200 0.0633922 
1 9 6852 0.0594627 
2 10 7492 0.056512 
50
0 0.421331 0.872 
1 0.43972 0.868333 
2 0.452537 0.866333 
0 8 6200 0.0639092 
1 9 6852 0.059836 
2 10 7492 0.0568572 
51
0 0.4504 0.863333 
1 0.454344 0.862 
2 0.454589 0.863667 
0 8 6200 0.064454 
1 9 6852 0.0603166 
2 10 7492 0.0573539 
52
0 0.415313 0.876667 
1 0.422475 0.876333 
2 0.414193 0.881333 
0 8 6200 0.0650021 
1 9 6852 0.0608823 
2 10 7492 0.0579061 
53
0 0.516144 0.836667 
1 0.516213 0.837 
2 0.525048 0.834333 
0 8 6200 0.0657182 
1 9 6852 0.0615033 
2 10 7492 0.0585202 
54
0 0.485501 0.852 
1 0.486017 0.853333 
2 0.483969 0.852333 
0 8 6200 0.0661425 
1 9 6852 0.0618981 
2 10 7492 0.0589167 
55
0 0.441448 0.872 
1 0.448182 0.868 
2 0.445012 0.867333 
0 8 6200 0.0664489 
1 9 6852 0.0622917 
2 10 7492 0.0593127 
56
0 0.421144 0.880667 
1 0.42112 0.879333 
2 0.427862 0.878667 
0 8 6200 0.0671132 
1 9 6852 0.0629371 
2 10 7492 0.0600625 
57
0 0.475632 0.863 
1 0.491666 0.86 
2 0.487661 0.861 
0 8 6200 0.0680449 
1 9 6852 0.0639131 
2 10 7492 0.0611112 
58
0 0.464207 0.861333 
1 0.46951 0.859667 
2 0.468902 0.857333 
0 8 6200 0.0689748 
1 9 6852 0.06483 
2 10 7492 0.0621134 
59
0 0.422881 0.875667 
1 0.42696 0.872667 
2 0.419062 0.876 
0 8 6200 0.0694582 
1 9 6852 0.0653276 
2 10 7492 0.0627475 
60
0 0.447175 0.856333 
1 0.443575 0.86 
2 0.420155 0.862667 
0 8 6200 0.0699933 
1 9 6852 0.0659041 
2 10 7492 0.0635246 
61
0 0.429373 0.874 
1 0.394906 0.882667 
2 0.391936 0.883333 
0 10 7465 0.0646926 
1 10 7725 0.0626423 
2 12 9011 0.057271 
62
0 0.407678 0.884667 
1 0.402203 0.875333 
2 0.401616 0.876333 
0 12 9003 0.0576369 
1 12 9148 0.05676 
2 12 9098 0.056931 
63
0 0.452498 0.865 
1 0.426487 0.883333 
2 0.428126 0.882667 
0 12 9003 0.0580699 
1 12 9148 0.0571413 
2 12 9098 0.0572957 
64
0 0.389063 0.884667 
1 0.383931 0.882333 
2 0.384287 0.883667 
0 12 9138 0.0578147 
1 14 10735 0.052707 
2 13 9877 0.0550699 
65
0 0.440631 0.87 
1 0.431073 0.871667 
2 0.431608 0.872667 
0 12 9138 0.0586606 
1 14 10735 0.0532965 
2 13 9877 0.0557036 
66
0 0.43967 0.865667 
1 0.424422 0.872333 
2 0.42483 0.873667 
0 12 9138 0.0595516 
1 14 10735 0.0539383 
2 13 9877 0.0563801 
67
0 0.448759 0.875 
1 0.433442 0.873667 
2 0.42573 0.877333 
0 13 9866 0.0573915 
1 15 11411 0.0524349 
2 13 10037 0.0561789 
68
0 0.44133 0.871 
1 0.456532 0.866 
2 0.453756 0.865333 
0 13 9866 0.0582763 
1 15 11411 0.053053 
2 13 10037 0.0568408 
69
0 0.422262 0.871 
1 0.432583 0.865667 
2 0.418238 0.873667 
0 13 9866 0.0588878 
1 15 11411 0.0536272 
2 13 10037 0.0574145 
70
0 0.400402 0.891333 
1 0.434752 0.879333 
2 0.424572 0.883 
0 13 9866 0.059621 
1 15 11411 0.0543364 
2 13 10037 0.0581436 
71
0 0.377378 0.899333 
1 0.376718 0.894 
2 0.381292 0.891667 
0 13 9866 0.060506 
1 15 11411 0.0551845 
2 13 10037 0.0590556 
72
0 0.353902 0.900667 
1 0.387878 0.891667 
2 0.373342 0.9 
0 13 9866 0.0611577 
1 15 11411 0.0558094 
2 13 10037 0.059687 
73
0 0.402252 0.871 
1 0.350035 0.897667 
2 0.362957 0.890333 
0 13 9866 0.0619815 
1 15 11411 0.0566286 
2 13 10037 0.0605382 
74
0 0.383418 0.887 
1 0.368873 0.892667 
2 0.370866 0.892667 
0 15 11382 0.0576959 
1 15 11626 0.0562375 
2 16 12116 0.0550543 
75
0 0.359304 0.894 
1 0.397349 0.885 
2 0.399467 0.882667 
0 15 11382 0.0583555 
1 15 11626 0.0566661 
2 16 12116 0.0554884 
76
0 0.357465 0.887667 
1 0.370436 0.892667 
2 0.386575 0.885 
0 15 11382 0.059039 
1 15 11626 0.0572827 
2 16 12116 0.0560671 
77
0 0.35741 0.893 
1 0.398166 0.883 
2 0.397713 0.879 
0 15 11382 0.0597231 
1 15 11626 0.0579814 
2 16 12116 0.0567225 
78
0 0.335171 0.899667 
1 0.343833 0.895667 
2 0.343373 0.897 
0 15 11382 0.0602873 
1 15 11626 0.058637 
2 16 12116 0.0573308 
79
0 0.420513 0.875333 
1 0.428278 0.870333 
2 0.416249 0.870667 
0 15 11382 0.0608368 
1 15 11626 0.0592994 
2 16 12116 0.0580068 
80
0 0.345219 0.900667 
1 0.353393 0.892 
2 0.356102 0.895667 
0 15 11382 0.0615664 
1 15 11626 0.060199 
2 16 12116 0.0588627 
81
0 0.319787 0.902667 
1 0.31746 0.903 
2 0.310831 0.903667 
0 15 11382 0.0620549 
1 15 11626 0.0607705 
2 16 12116 0.0594312 
82
0 0.358809 0.902667 
1 0.349918 0.904333 
2 0.353159 0.901667 
0 15 11382 0.0626831 
1 15 11626 0.0615776 
2 16 12116 0.0601716 
83
0 0.382988 0.89 
1 0.382665 0.890333 
2 0.368397 0.893667 
0 15 11382 0.0634082 
1 15 11626 0.0623081 
2 16 12116 0.0608889 
84
0 0.357689 0.894 
1 0.364205 0.892667 
2 0.353315 0.897333 
0 15 11382 0.0640978 
1 15 11626 0.062879 
2 16 12116 0.0616057 
85
0 0.338736 0.894333 
1 0.322471 0.905333 
2 0.324159 0.899667 
0 15 11382 0.0648067 
1 15 11626 0.0634679 
2 16 12116 0.0621715 
86
0 0.27641 0.912 
1 0.280567 0.911333 
2 0.28028 0.911333 
0 15 11588 0.0639088 
1 17 13032 0.0592894 
2 15 11897 0.0625713 
87
0 0.293051 0.916333 
1 0.309469 0.911333 
2 0.308644 0.910667 
0 15 11588 0.0643011 
1 17 13032 0.0594122 
2 15 11897 0.0627079 
88
0 0.332137 0.909333 
1 0.309032 0.918667 
2 0.309778 0.917 
0 15 11588 0.0647627 
1 17 13032 0.0597972 
2 15 11897 0.0631324 
89
0 0.356153 0.909 
1 0.334725 0.909333 
2 0.335331 0.908667 
0 17 13023 0.060396 
1 18 13873 0.0578542 
2 19 14481 0.0565029 
90
0 0.334472 0.890667 
1 0.326945 0.889 
2 0.328147 0.889333 
0 17 13023 0.0606628 
1 18 13873 0.0580522 
2 19 14481 0.0566859 
91
0 0.353968 0.899667 
1 0.333831 0.904333 
2 0.332502 0.904333 
0 17 13023 0.0611037 
1 18 13873 0.0584483 
2 19 14481 0.0570689 
92
0 0.35322 0.898 
1 0.349481 0.902333 
2 0.35587 0.903667 
0 17 13023 0.0616268 
1 18 13873 0.0588977 
2 19 14481 0.0574982 
93
0 0.331062 0.903 
1 0.322375 0.905 
2 0.322495 0.904 
0 17 13023 0.062218 
1 18 13873 0.0593916 
2 19 14481 0.057984 
94
0 0.362846 0.891333 
1 0.355963 0.894333 
2 0.367529 0.892667 
0 17 13023 0.0625398 
1 18 13873 0.0596679 
2 19 14481 0.0582683 
95
0 0.355304 0.894333 
1 0.360534 0.893333 
2 0.365508 0.89 
0 17 13023 0.0631585 
1 18 13873 0.0602157 
2 19 14481 0.0588314 
96
0 0.296183 0.910667 
1 0.301359 0.912 
2 0.304625 0.908333 
0 17 13023 0.0635431 
1 18 13873 0.0605174 
2 19 14481 0.0592119 
97
0 0.315582 0.902 
1 0.309304 0.905667 
2 0.306704 0.908667 
0 17 13023 0.064094 
1 18 13873 0.0608852 
2 19 14481 0.0595806 
98
0 0.35723 0.893333 
1 0.328597 0.903333 
2 0.328926 0.903 
0 19 14429 0.06042 
1 19 14913 0.0589014 
2 19 14784 0.0592012 
99
0 0.318111 0.905667 
1 0.310741 0.908667 
2 0.311094 0.908333 
0 19 14903 0.0592762 
1 21 16283 0.0561354 
2 21 16289 0.0561561 
100
0 0.309044 0.905667 
1 0.312974 0.901333 
2 0.313493 0.9 
0 19 14903 0.0597761 
1 21 16283 0.0564953 
2 21 16289 0.0565174 
101
0 0.382598 0.887333 
1 0.365461 0.894333 
2 0.367903 0.894 
0 19 14903 0.0601415 
1 21 16283 0.0567404 
2 21 16289 0.0567567 
102
0 0.304843 0.909667 
1 0.300002 0.908333 
2 0.302531 0.91 
0 21 16257 0.0573134 
1 23 17756 0.0543197 
2 21 16564 0.0564146 
103
0 0.310273 0.911333 
1 0.302488 0.908 
2 0.300662 0.911667 
0 21 16257 0.057819 
1 23 17756 0.0545508 
2 21 16564 0.0566697 
104
0 0.309826 0.903333 
1 0.331237 0.895333 
2 0.328394 0.897333 
0 21 16257 0.0584633 
1 23 17756 0.0549705 
2 21 16564 0.057125 
105
0 0.267699 0.919667 
1 0.280115 0.915 
2 0.286021 0.915 
0 21 16257 0.0589049 
1 23 17756 0.0554042 
2 21 16564 0.0575448 
106
0 0.354621 0.896 
1 0.34352 0.899333 
2 0.346205 0.897667 
0 21 16257 0.0591851 
1 23 17756 0.0556799 
2 21 16564 0.057792 
107
0 0.336151 0.904667 
1 0.319823 0.903333 
2 0.304578 0.912 
0 21 16257 0.0596731 
1 23 17756 0.0560912 
2 21 16564 0.0582558 
108
0 0.29705 0.910333 
1 0.280917 0.920667 
2 0.281012 0.920667 
0 21 16536 0.0587603 
1 22 17223 0.0570133 
2 23 18074 0.0555205 
109
0 0.316326 0.906 
1 0.283335 0.915 
2 0.283691 0.915333 
0 22 17213 0.0573295 
1 24 18689 0.0545056 
2 22 17402 0.0567813 
110
0 0.277537 0.921667 
1 0.280353 0.92 
2 0.28061 0.918667 
0 22 17391 0.0569751 
1 24 18670 0.0546085 
2 23 18249 0.0552605 
111
0 0.351113 0.895333 
1 0.359289 0.895667 
2 0.361384 0.895667 
0 22 17391 0.0572365 
1 24 18670 0.0548477 
2 23 18249 0.055505 
112
0 0.390352 0.886 
1 0.415472 0.874333 
2 0.400283 0.881 
0 22 17391 0.057606 
1 24 18670 0.0551572 
2 23 18249 0.0558353 
113
0 0.396417 0.888667 
1 0.432915 0.885333 
2 0.437951 0.878333 
0 22 17391 0.0581821 
1 24 18670 0.0556757 
2 23 18249 0.0564127 
114
0 0.309159 0.909 
1 0.33277 0.899333 
2 0.345055 0.895333 
0 22 17391 0.0585936 
1 24 18670 0.056112 
2 23 18249 0.0568424 
115
0 0.275267 0.916 
1 0.253186 0.923667 
2 0.262938 0.914 
0 22 17391 0.0590742 
1 24 18670 0.0566075 
2 23 18249 0.0573616 
116
0 0.266796 0.922333 
1 0.262375 0.922667 
2 0.261536 0.922 
0 24 18635 0.0569328 
1 27 20857 0.0532933 
2 24 18840 0.0563021 
117
0 0.255264 0.925 
1 0.252077 0.922667 
2 0.253369 0.924333 
0 24 18635 0.0572983 
1 27 20857 0.0534431 
2 24 18840 0.0564891 
118
0 0.24966 0.928 
1 0.2508 0.927333 
2 0.255016 0.925333 
0 24 18635 0.0576963 
1 27 20857 0.0537322 
2 24 18840 0.0568234 
119
0 0.311665 0.909667 
1 0.326544 0.907 
2 0.321915 0.906333 
0 24 18635 0.0579794 
1 27 20857 0.0539878 
2 24 18840 0.0571106 
120
0 0.304531 0.913 
1 0.351065 0.897667 
2 0.339309 0.894 
0 24 18635 0.0584009 
1 27 20857 0.0543572 
2 24 18840 0.0575216 
121
0 0.291404 0.916333 
1 0.271031 0.921333 
2 0.274266 0.918667 
0 24 18635 0.0588069 
1 27 20857 0.0547738 
2 24 18840 0.057954 
122
0 0.239376 0.932333 
1 0.255491 0.928667 
2 0.251577 0.928 
0 24 18635 0.0592091 
1 27 20857 0.0551582 
2 24 18840 0.0584464 
123
0 0.232623 0.934667 
1 0.23634 0.932 
2 0.245293 0.931333 
0 24 18635 0.0595258 
1 27 20857 0.0554363 
2 24 18840 0.0587749 
124
0 0.237994 0.934 
1 0.240342 0.934667 
2 0.240346 0.935667 
0 24 18635 0.0598581 
1 27 20857 0.0556517 
2 24 18840 0.0589999 
125
0 0.271351 0.919333 
1 0.293746 0.914667 
2 0.27378 0.923 
0 24 18635 0.0600811 
1 27 20857 0.0558223 
2 24 18840 0.059179 
126
0 0.284699 0.911667 
1 0.269182 0.911 
2 0.280752 0.911 
0 24 18635 0.0603277 
1 27 20857 0.0560193 
2 24 18840 0.0594489 
127
0 0.276337 0.924333 
1 0.268131 0.927333 
2 0.269679 0.928667 
0 24 18635 0.0605766 
1 27 20857 0.0562763 
2 24 18840 0.0596917 
128
0 0.258998 0.922667 
1 0.257646 0.925 
2 0.262025 0.926 
0 24 18635 0.0608957 
1 27 20857 0.0565693 
2 24 18840 0.0599825 
129
0 0.214689 0.936 
1 0.211625 0.938 
2 0.24727 0.926 
0 24 18635 0.0611455 
1 27 20857 0.0568139 
2 24 18840 0.0602691 
130
0 0.230472 0.931667 
1 0.233114 0.934333 
2 0.231722 0.935 
0 24 18635 0.0613906 
1 27 20857 0.057005 
2 24 18840 0.0604992 
131
0 0.231862 0.924 
1 0.226431 0.935333 
2 0.219143 0.934333 
0 24 18635 0.0616638 
1 27 20857 0.0572741 
2 24 18840 0.0608066 
132
0 0.255928 0.931333 
1 0.251333 0.935333 
2 0.251265 0.935333 
0 27 20761 0.0577605 
1 28 21752 0.056035 
2 29 22712 0.0547286 
133
0 0.262732 0.925333 
1 0.252202 0.929667 
2 0.252273 0.929667 
0 27 20761 0.0580131 
1 28 21752 0.0562335 
2 29 22712 0.054916 
134
0 0.329108 0.907333 
1 0.313524 0.912 
2 0.306788 0.912 
0 27 20761 0.0584261 
1 28 21752 0.0565889 
2 29 22712 0.0552573 
135
0 0.288461 0.915667 
1 0.293431 0.912 
2 0.290229 0.913333 
0 27 20761 0.0587452 
1 28 21752 0.056913 
2 29 22712 0.0555643 
136
0 0.315371 0.899333 
1 0.28233 0.906333 
2 0.276292 0.904667 
0 27 20761 0.0591616 
1 28 21752 0.0573709 
2 29 22712 0.0560028 
137
0 0.233833 0.935 
1 0.237338 0.932333 
2 0.237399 0.932333 
0 28 21706 0.0578534 
1 29 22750 0.056018 
2 28 22024 0.0570028 
138
0 0.291782 0.920333 
1 0.27518 0.924 
2 0.276035 0.924 
0 28 21706 0.0581674 
1 29 22750 0.0562747 
2 28 22024 0.0572694 
139
0 0.272548 0.923667 
1 0.256046 0.928333 
2 0.255896 0.929333 
0 28 21706 0.0584659 
1 29 22750 0.05647 
2 28 22024 0.0574746 
140
0 0.246562 0.923333 
1 0.234338 0.927333 
2 0.236317 0.927333 
0 28 21706 0.0585644 
1 29 22750 0.0565488 
2 28 22024 0.057561 
141
0 0.250867 0.924333 
1 0.250665 0.925333 
2 0.251624 0.927 
0 28 21706 0.0589019 
1 29 22750 0.0567784 
2 28 22024 0.0578136 
142
0 0.250615 0.925 
1 0.23912 0.927667 
2 0.241361 0.928667 
0 28 21706 0.0591448 
1 29 22750 0.0569944 
2 28 22024 0.058052 
143
0 0.303815 0.907667 
1 0.312104 0.903667 
2 0.30716 0.908667 
0 28 21706 0.0593078 
1 29 22750 0.0571665 
2 28 22024 0.0582355 
144
0 0.228582 0.936333 
1 0.239229 0.933333 
2 0.24077 0.931333 
0 28 21706 0.0595355 
1 29 22750 0.0573908 
2 28 22024 0.0584741 
145
0 0.243154 0.928 
1 0.248354 0.926333 
2 0.245165 0.925333 
0 28 21706 0.0597645 
1 29 22750 0.0576234 
2 28 22024 0.0587223 
146
0 0.241974 0.927 
1 0.25823 0.923333 
2 0.259193 0.924333 
0 28 21706 0.0599649 
1 29 22750 0.0578445 
2 28 22024 0.0589238 
147
0 0.241962 0.924333 
1 0.23178 0.924667 
2 0.243718 0.917667 
0 28 21706 0.0602128 
1 29 22750 0.0580728 
2 28 22024 0.0591637 
148
0 0.2949 0.916333 
1 0.307098 0.912333 
2 0.29227 0.915333 
0 28 21706 0.0603445 
1 29 22750 0.0582386 
2 28 22024 0.0593552 
149
0 0.268653 0.923667 
1 0.274017 0.919 
2 0.250912 0.928 
0 28 21706 0.0605514 
1 29 22750 0.0584666 
2 28 22024 0.0595462 
150
0 0.191918 0.948 
1 0.208394 0.937 
2 0.199632 0.939333 
0 28 21706 0.0607694 
1 29 22750 0.0587621 
2 28 22024 0.0597882 
151
0 0.222634 0.94 
1 0.226499 0.934667 
2 0.216787 0.941 
0 28 21706 0.0610343 
1 29 22750 0.0589965 
2 28 22024 0.0600823 
152
0 0.221223 0.938 
1 0.226378 0.937667 
2 0.224217 0.937667 
0 28 21706 0.0612941 
1 29 22750 0.0592297 
2 28 22024 0.060311 
153
0 0.238292 0.928667 
1 0.243877 0.922667 
2 0.228651 0.927667 
0 28 21706 0.0615085 
1 29 22750 0.0594037 
2 28 22024 0.0604953 
154
0 0.232135 0.935667 
1 0.264814 0.926 
2 0.243824 0.930333 
0 28 21706 0.0617653 
1 29 22750 0.0596105 
2 28 22024 0.0607465 
155
0 0.227699 0.927667 
1 0.237068 0.921333 
2 0.216237 0.933 
0 28 21706 0.0619807 
1 29 22750 0.0598556 
2 28 22024 0.0609847 
156
0 0.236802 0.938 
1 0.233719 0.937667 
2 0.227946 0.94 
0 28 21706 0.0621756 
1 29 22750 0.0600647 
2 28 22024 0.0611721 
157
0 0.26689 0.924333 
1 0.272502 0.925333 
2 0.272269 0.927667 
0 28 21706 0.0623746 
1 29 22750 0.0603586 
2 28 22024 0.0614274 
158
0 0.23034 0.936 
1 0.249102 0.931667 
2 0.249592 0.933333 
0 28 21706 0.0625736 
1 29 22750 0.0605703 
2 28 22024 0.061657 
159
0 0.224938 0.933333 
1 0.231786 0.933 
2 0.230209 0.932667 
0 28 21706 0.0628272 
1 29 22750 0.060819 
2 28 22024 0.0618695 
160
0 0.280668 0.926667 
1 0.251888 0.927 
2 0.257784 0.927333 
0 28 21706 0.063109 
1 29 22750 0.0611255 
2 28 22024 0.0620766 
161
0 0.231858 0.922 
1 0.242298 0.922333 
2 0.230643 0.931667 
0 28 21706 0.0634716 
1 29 22750 0.0614687 
2 28 22024 0.0623728 
162
0 0.21916 0.935 
1 0.193889 0.947333 
2 0.193928 0.946667 
0 28 21870 0.0630352 
1 31 24149 0.059211 
2 29 23005 0.0609143 
163
0 0.208921 0.939667 
1 0.195949 0.946 
2 0.195944 0.945333 
0 31 24136 0.0592927 
1 33 25816 0.0569706 
2 33 25814 0.0569486 
164
0 0.256904 0.926667 
1 0.281335 0.927333 
2 0.281981 0.926667 
0 33 25795 0.0570749 
1 36 28267 0.0542117 
2 36 27873 0.0545859 
165
0 0.218001 0.932667 
1 0.214097 0.932667 
2 0.213238 0.931667 
0 33 25795 0.0572594 
1 36 28267 0.0542859 
2 36 27873 0.0546616 
166
0 0.256201 0.928667 
1 0.249079 0.933667 
2 0.2473 0.933333 
0 33 25795 0.0575351 
1 36 28267 0.0545098 
2 36 27873 0.0548882 
167
0 0.18718 0.944667 
1 0.187556 0.946333 
2 0.186582 0.946667 
0 33 25795 0.0577045 
1 36 28267 0.0546418 
2 36 27873 0.0550301 
168
0 0.212177 0.932667 
1 0.220949 0.930333 
2 0.221629 0.931 
0 33 25795 0.0579246 
1 36 28267 0.0548093 
2 36 27873 0.055213 
169
0 0.233873 0.930333 
1 0.224579 0.934667 
2 0.226785 0.932333 
0 33 25795 0.0580443 
1 36 28267 0.0549469 
2 36 27873 0.0553508 
170
0 0.234598 0.933 
1 0.224782 0.932 
2 0.228153 0.933 
0 33 25795 0.05816 
1 36 28267 0.055033 
2 36 27873 0.0554415 
171
0 0.206307 0.938333 
1 0.203719 0.940667 
2 0.197448 0.941667 
0 33 25795 0.0583837 
1 36 28267 0.0552237 
2 36 27873 0.0556347 
172
0 0.254134 0.931667 
1 0.249619 0.933333 
2 0.258728 0.927333 
0 33 25795 0.0586553 
1 36 28267 0.0554847 
2 36 27873 0.0559029 
173
0 0.246537 0.925333 
1 0.24149 0.925 
2 0.234446 0.925333 
0 33 25795 0.058865 
1 36 28267 0.0556847 
2 36 27873 0.0561495 
174
0 0.271076 0.915 
1 0.265817 0.918667 
2 0.255186 0.923667 
0 33 25795 0.0591 
1 36 28267 0.0558808 
2 36 27873 0.0563504 
175
0 0.216213 0.933333 
1 0.196535 0.940667 
2 0.202039 0.94 
0 36 27763 0.0566996 
1 37 28927 0.0552604 
2 39 30275 0.0539558 
176
0 0.190171 0.943333 
1 0.194529 0.946 
2 0.194104 0.946333 
0 37 28899 0.0553778 
1 40 31362 0.0529238 
2 39 30524 0.0536966 
177
0 0.184925 0.942667 
1 0.187182 0.939667 
2 0.186428 0.940333 
0 37 28899 0.0554899 
1 40 31362 0.0529826 
2 39 30524 0.053758 
178
0 0.211181 0.941 
1 0.212959 0.941 
2 0.214009 0.941 
0 37 28899 0.0556693 
1 40 31362 0.0531205 
2 39 30524 0.0539022 
179
0 0.217675 0.929667 
1 0.188887 0.939667 
2 0.188926 0.941 
0 37 28899 0.0559062 
1 40 31362 0.0533048 
2 39 30524 0.054097 
180
0 0.223652 0.93 
1 0.190375 0.938 
2 0.190211 0.938333 
0 39 30466 0.0543727 
1 41 31843 0.0529578 
2 40 31401 0.0533286 
181
0 0.181577 0.941333 
1 0.181906 0.941 
2 0.181698 0.941333 
0 40 31376 0.0534384 
1 41 32172 0.0526684 
2 40 31975 0.0528338 
182
0 0.195065 0.937667 
1 0.191922 0.944 
2 0.190916 0.944667 
0 40 31376 0.0535414 
1 41 32172 0.0527379 
2 40 31975 0.0529028 
183
0 0.242008 0.929 
1 0.236267 0.927667 
2 0.236334 0.927 
0 40 31938 0.0530296 
1 43 33987 0.0512591 
2 40 32337 0.052587 
184
0 0.244793 0.928333 
1 0.23871 0.933333 
2 0.238689 0.933 
0 40 31938 0.0532406 
1 43 33987 0.0513546 
2 40 32337 0.0526894 
185
0 0.209213 0.941667 
1 0.203355 0.934667 
2 0.20389 0.934333 
0 40 31938 0.0533776 
1 43 33987 0.0514686 
2 40 32337 0.0528143 
186
0 0.199288 0.939 
1 0.196172 0.942333 
2 0.196494 0.941667 
0 40 31938 0.0535274 
1 43 33987 0.0516025 
2 40 32337 0.0529608 
187
0 0.218382 0.940333 
1 0.21857 0.942 
2 0.218799 0.942333 
0 40 31938 0.0536282 
1 43 33987 0.05167 
2 40 32337 0.0530383 
188
0 0.170574 0.947333 
1 0.159423 0.949333 
2 0.158936 0.949333 
0 40 31938 0.0537387 
1 43 33987 0.0517617 
2 40 32337 0.053134 
189
0 0.209731 0.934333 
1 0.208536 0.935667 
2 0.201541 0.936667 
0 40 31938 0.0539148 
1 43 33987 0.0518731 
2 40 32337 0.0532654 
190
0 0.170672 0.948333 
1 0.178306 0.944333 
2 0.171844 0.945333 
0 40 31938 0.0541108 
1 43 33987 0.0520601 
2 40 32337 0.0534487 
191
0 0.22713 0.925 
1 0.2164 0.934667 
2 0.211245 0.931667 
0 40 31938 0.0542228 
1 43 33987 0.0521789 
2 40 32337 0.0535602 
192
0 0.197831 0.944 
1 0.182085 0.951 
2 0.182077 0.951 
0 43 33867 0.0525387 
1 45 35729 0.0509334 
2 44 35030 0.0514572 
193
0 0.176976 0.944667 
1 0.191085 0.941 
2 0.191068 0.941 
0 45 35692 0.0510458 
1 46 36656 0.050312 
2 47 37288 0.0498583 
194
0 0.197368 0.941333 
1 0.201503 0.941667 
2 0.201576 0.941667 
0 45 35692 0.0511791 
1 46 36656 0.0503911 
2 47 37288 0.0499372 
195
0 0.203767 0.943667 
1 0.210904 0.935333 
2 0.210134 0.935667 
0 45 35692 0.0513488 
1 46 36656 0.0505635 
2 47 37288 0.0501104 
196
0 0.223995 0.933667 
1 0.22562 0.931667 
2 0.224279 0.932333 
0 45 35692 0.0514762 
1 46 36656 0.0506886 
2 47 37288 0.0502287 
197
0 0.224104 0.933333 
1 0.194991 0.937667 
2 0.195373 0.936333 
0 45 35692 0.0515661 
1 46 36656 0.0507712 
2 47 37288 0.0503125 
198
0 0.183442 0.941333 
1 0.181183 0.945667 
2 0.181783 0.945667 
0 45 35692 0.0517578 
1 46 36656 0.0509677 
2 47 37288 0.0505062 
199
0 0.19845 0.948667 
1 0.191316 0.944667 
2 0.191548 0.945667 
0 45 35692 0.0518625 
1 46 36656 0.0510592 
2 47 37288 0.050592 
200
0 0.216088 0.933333 
1 0.199632 0.939667 
2 0.199473 0.938667 
0 45 35692 0.0520279 
1 46 36656 0.0511999 
2 47 37288 0.0507299 
201
0 0.198429 0.948667 
1 0.169297 0.955667 
2 0.171409 0.954333 
0 46 36518 0.0515767 
1 46 36708 0.0512669 
2 48 38475 0.0500657 
202
0 0.201594 0.949667 
1 0.190295 0.952 
2 0.190381 0.952 
0 46 36674 0.0513869 
1 48 38122 0.0503453 
2 49 38733 0.0499196 
203
0 0.21819 0.937 
1 0.210062 0.940667 
2 0.210536 0.94 
0 46 36674 0.0514654 
1 48 38122 0.0504113 
2 49 38733 0.049985 
204
0 0.210987 0.941 
1 0.207803 0.940333 
2 0.207848 0.941 
0 46 36674 0.0515105 
1 48 38122 0.0504337 
2 49 38733 0.0500088 
205
0 0.210302 0.936667 
1 0.204335 0.941667 
2 0.204409 0.941667 
0 46 36674 0.0517142 
1 48 38122 0.0506381 
2 49 38733 0.0502067 
206
0 0.186193 0.947333 
1 0.178418 0.949 
2 0.18239 0.951 
0 46 36674 0.0518659 
1 48 38122 0.0507808 
2 49 38733 0.0503398 
207
0 0.186557 0.941 
1 0.186247 0.943 
2 0.193285 0.937 
0 46 36674 0.0519841 
1 48 38122 0.0508991 
2 49 38733 0.0504644 
208
0 0.205748 0.942667 
1 0.210912 0.938667 
2 0.198806 0.942333 
0 46 36674 0.0521821 
1 48 38122 0.0510714 
2 49 38733 0.0506261 
209
0 0.181767 0.945667 
1 0.184477 0.946333 
2 0.180809 0.950667 
0 46 36674 0.0523415 
1 48 38122 0.0512114 
2 49 38733 0.0507669 
210
0 0.190004 0.95 
1 0.193213 0.946667 
2 0.188749 0.951333 
0 46 36674 0.0524731 
1 48 38122 0.0513644 
2 49 38733 0.050913 
211
0 0.223475 0.933 
1 0.218612 0.934667 
2 0.218559 0.935 
0 46 36674 0.0525812 
1 48 38122 0.0514883 
2 49 38733 0.0510132 
212
0 0.213135 0.938333 
1 0.212175 0.937 
2 0.211524 0.937333 
0 46 36674 0.0526973 
1 48 38122 0.0516349 
2 49 38733 0.0511314 
213
0 0.197971 0.942667 
1 0.198621 0.942 
2 0.198409 0.941333 
0 46 36674 0.052864 
1 48 38122 0.0517977 
2 49 38733 0.0512806 
214
0 0.195874 0.947 
1 0.194039 0.945333 
2 0.198262 0.941333 
0 46 36674 0.0529942 
1 48 38122 0.0519228 
2 49 38733 0.0514223 
215
0 0.172682 0.948 
1 0.173351 0.949 
2 0.176771 0.949667 
0 46 36674 0.0531431 
1 48 38122 0.0520401 
2 49 38733 0.0515206 
216
0 0.183136 0.948 
1 0.183028 0.949667 
2 0.177717 0.95 
0 46 36674 0.0532573 
1 48 38122 0.0521564 
2 49 38733 0.0516454 
217
0 0.194918 0.945333 
1 0.174237 0.951667 
2 0.179812 0.952 
0 46 36674 0.0533774 
1 48 38122 0.0522392 
2 49 38733 0.0517297 
218
0 0.177771 0.951 
1 0.1582 0.956 
2 0.158204 0.955667 
0 49 38492 0.0521352 
1 49 39065 0.0516487 
2 50 39341 0.0514531 
219
0 0.160809 0.954 
1 0.14801 0.956333 
2 0.148118 0.956333 
0 49 38492 0.0522048 
1 49 39065 0.0516933 
2 50 39341 0.0514964 
220
0 0.17264 0.947 
1 0.1716 0.946333 
2 0.171486 0.946667 
0 49 38492 0.0522379 
1 49 39065 0.0517136 
2 50 39341 0.0515164 
221
0 0.209477 0.943333 
1 0.221789 0.938 
2 0.221707 0.938 
0 49 38492 0.0523449 
1 49 39065 0.0517856 
2 50 39341 0.0515876 
222
0 0.183713 0.949333 
1 0.184737 0.949333 
2 0.184863 0.949667 
0 49 38492 0.0524447 
1 49 39065 0.051876 
2 50 39341 0.0516826 
223
0 0.193473 0.941667 
1 0.192767 0.942667 
2 0.192004 0.941667 
0 49 38492 0.05251 
1 49 39065 0.0518986 
2 50 39341 0.0517136 
224
0 0.186063 0.951667 
1 0.184891 0.946333 
2 0.182726 0.949667 
0 49 38492 0.0525729 
1 49 39065 0.0519447 
2 50 39341 0.0517637 
225
0 0.18115 0.952333 
1 0.173417 0.957 
2 0.174213 0.956333 
0 49 38492 0.052672 
1 49 39065 0.0520378 
2 50 39341 0.0518544 
226
0 0.230591 0.941667 
1 0.220731 0.940667 
2 0.226227 0.939333 
0 49 38492 0.0527425 
1 49 39065 0.0521093 
2 50 39341 0.051927 
227
0 0.156782 0.956333 
1 0.163976 0.952 
2 0.160821 0.955667 
0 49 38492 0.0527865 
1 49 39065 0.0522068 
2 50 39341 0.0520136 
228
0 0.184199 0.952 
1 0.194912 0.945667 
2 0.197433 0.944 
0 49 38492 0.0528799 
1 49 39065 0.0523134 
2 50 39341 0.0521309 
229
0 0.187501 0.945333 
1 0.184262 0.946667 
2 0.184379 0.944 
0 49 38492 0.0530077 
1 49 39065 0.0524205 
2 50 39341 0.0522169 
230
0 0.183879 0.944333 
1 0.187312 0.948 
2 0.185579 0.946667 
0 49 38492 0.0530837 
1 49 39065 0.0524608 
2 50 39341 0.0522497 
231
0 0.198713 0.943333 
1 0.19717 0.943667 
2 0.191481 0.945 
0 49 38492 0.0532146 
1 49 39065 0.0525999 
2 50 39341 0.0523859 
232
0 0.188095 0.949667 
1 0.174868 0.952 
2 0.174799 0.949667 
0 49 38492 0.0533147 
1 49 39065 0.0527146 
2 50 39341 0.0525104 
233
0 0.16079 0.955 
1 0.158694 0.956333 
2 0.159592 0.954667 
0 49 38492 0.0534315 
1 49 39065 0.0528728 
2 50 39341 0.0526505 
234
0 0.193558 0.946667 
1 0.184592 0.947667 
2 0.183486 0.946333 
0 49 38492 0.0535333 
1 49 39065 0.0529654 
2 50 39341 0.0527451 
235
0 0.16001 0.953333 
1 0.174614 0.949 
2 0.193032 0.944667 
0 49 38492 0.0536461 
1 49 39065 0.0531123 
2 50 39341 0.0528985 
236
0 0.188685 0.945333 
1 0.197727 0.941333 
2 0.200433 0.939 
0 49 38492 0.0537439 
1 49 39065 0.0532047 
2 50 39341 0.052987 
237
0 0.20056 0.945667 
1 0.213074 0.94 
2 0.207142 0.941 
0 49 38492 0.0538229 
1 49 39065 0.0533018 
2 50 39341 0.0531151 
238
0 0.177882 0.949 
1 0.1898 0.946333 
2 0.186095 0.941333 
0 49 38492 0.053909 
1 49 39065 0.053408 
2 50 39341 0.0532321 
239
0 0.184387 0.942333 
1 0.192496 0.941333 
2 0.166137 0.948 
0 49 38492 0.0540446 
1 49 39065 0.053613 
2 50 39341 0.0534039 
240
0 0.184345 0.950333 
1 0.18124 0.952333 
2 0.168391 0.956667 
0 49 38492 0.0541408 
1 49 39065 0.0537359 
2 50 39341 0.0535099 
241
0 0.157741 0.948667 
1 0.152972 0.949667 
2 0.153026 0.949667 
0 50 39022 0.0540203 
1 50 39603 0.0534783 
2 53 42133 0.0517752 
242
0 0.186076 0.944667 
1 0.178451 0.947667 
2 0.178463 0.948 
0 50 39022 0.0540911 
1 50 39603 0.0534985 
2 53 42133 0.0517899 
243
0 0.180406 0.945667 
1 0.173924 0.948 
2 0.173742 0.949 
0 50 39022 0.0541509 
1 50 39603 0.0535524 
2 53 42133 0.0518357 
244
0 0.189958 0.953 
1 0.172171 0.957333 
2 0.172157 0.957 
0 50 39022 0.0542416 
1 50 39603 0.0536378 
2 53 42133 0.051911 
245
0 0.163123 0.957 
1 0.165176 0.951333 
2 0.164771 0.951667 
0 50 39022 0.0543419 
1 50 39603 0.0537176 
2 53 42133 0.0519803 
246
0 0.181977 0.949333 
1 0.178273 0.948333 
2 0.178575 0.949 
0 50 39022 0.0544571 
1 50 39603 0.0538207 
2 53 42133 0.0520689 
247
0 0.199038 0.94 
1 0.196315 0.940667 
2 0.192968 0.942667 
0 50 39022 0.0545366 
1 50 39603 0.0539087 
2 53 42133 0.0521436 
248
0 0.174354 0.951 
1 0.174171 0.948 
2 0.174144 0.949 
0 50 39022 0.0546302 
1 50 39603 0.0540195 
2 53 42133 0.0522418 
249
0 0.174041 0.951667 
1 0.166964 0.954667 
2 0.161899 0.954 
0 50 39022 0.0547206 
1 50 39603 0.0541122 
2 53 42133 0.0523192 
250
0 0.143025 0.958333 
1 0.147107 0.957333 
2 0.153499 0.954333 
0 50 39022 0.0547923 
1 50 39603 0.0541899 
2 53 42133 0.0523939 
251
0 0.183802 0.944333 
1 0.185999 0.945667 
2 0.184492 0.943667 
0 50 39022 0.0548942 
1 50 39603 0.0543007 
2 53 42133 0.0524779 
252
0 0.148626 0.955333 
1 0.146508 0.958667 
2 0.141793 0.959333 
0 50 39022 0.0549805 
1 50 39603 0.0543881 
2 53 42133 0.052559 
253
0 0.168406 0.957 
1 0.173933 0.955 
2 0.171983 0.954 
0 50 39022 0.0550595 
1 50 39603 0.0544492 
2 53 42133 0.0526153 
254
0 0.183461 0.949667 
1 0.176097 0.950667 
2 0.172376 0.952667 
0 50 39022 0.0551762 
1 50 39603 0.054581 
2 53 42133 0.0527106 
255
0 0.164156 0.949667 
1 0.150303 0.951333 
2 0.148256 0.951 
0 50 39022 0.0552793 
1 50 39603 0.0547066 
2 53 42133 0.0528291 
256
0 0.174452 0.949 
1 0.191772 0.945667 
2 0.194812 0.942333 
0 50 39022 0.0554311 
1 50 39603 0.0548659 
2 53 42133 0.0529584 
257
0 0.191905 0.946333 
1 0.182344 0.945333 
2 0.184821 0.947333 
0 50 39022 0.055547 
1 50 39603 0.0549776 
2 53 42133 0.0530602 
258
0 0.178918 0.945667 
1 0.172342 0.949333 
2 0.170459 0.953333 
0 50 39022 0.0556691 
1 50 39603 0.0550865 
2 53 42133 0.0531582 
259
0 0.159022 0.952333 
1 0.162359 0.951333 
2 0.162235 0.951333 
0 53 41813 0.0536121 
1 56 44604 0.0517146 
2 54 43037 0.0527071 
260
0 0.16082 0.952667 
1 0.170025 0.952667 
2 0.170061 0.951333 
0 53 41813 0.0537029 
1 56 44604 0.0517299 
2 54 43037 0.0527233 
261
0 0.15871 0.954333 
1 0.174644 0.951333 
2 0.175521 0.951667 
0 53 41813 0.0538017 
1 56 44604 0.0518072 
2 54 43037 0.0528035 
262
0 0.199756 0.940667 
1 0.206348 0.937 
2 0.205697 0.937667 
0 53 41813 0.0538962 
1 56 44604 0.0518925 
2 54 43037 0.0528926 
263
0 0.202152 0.946 
1 0.204688 0.947 
2 0.201491 0.948333 
0 53 41813 0.0540445 
1 56 44604 0.0520016 
2 54 43037 0.0530074 
264
0 0.180288 0.951667 
1 0.16603 0.953333 
2 0.171212 0.951333 
0 53 41813 0.0541777 
1 56 44604 0.0521052 
2 54 43037 0.0531293 
265
0 0.216531 0.941 
1 0.203331 0.944333 
2 0.208841 0.943667 
0 53 41813 0.0543173 
1 56 44604 0.0522319 
2 54 43037 0.0532674 
266
0 0.152513 0.954 
1 0.157271 0.951333 
2 0.14935 0.954 
0 53 41813 0.0543558 
1 56 44604 0.0522782 
2 54 43037 0.0533132 
267
0 0.161869 0.95 
1 0.15531 0.952333 
2 0.152326 0.957333 
0 53 41813 0.0544515 
1 56 44604 0.0523463 
2 54 43037 0.0533729 
268
0 0.153062 0.958333 
1 0.150851 0.961 
2 0.150868 0.961 
0 54 42850 0.0537065 
1 55 44075 0.0527764 
2 54 43618 0.0530994 
269
0 0.17272 0.948667 
1 0.166342 0.950333 
2 0.168013 0.949 
0 54 42850 0.0538339 
1 55 44075 0.0528604 
2 54 43618 0.0531831 
270
0 0.144894 0.956 
1 0.13604 0.955333 
2 0.135597 0.955333 
0 54 42850 0.0539096 
1 55 44075 0.0529348 
2 54 43618 0.0532545 
271
0 0.123643 0.960667 
1 0.126566 0.961 
2 0.125899 0.961 
0 54 42850 0.0540151 
1 55 44075 0.052999 
2 54 43618 0.0533163 
272
0 0.122569 0.963333 
1 0.117155 0.961667 
2 0.117633 0.962667 
0 54 42850 0.0540889 
1 55 44075 0.0530588 
2 54 43618 0.0533697 
273
0 0.155815 0.951667 
1 0.166799 0.946333 
2 0.17958 0.945333 
0 54 42850 0.0541406 
1 55 44075 0.0530963 
2 54 43618 0.0534059 
274
0 0.178241 0.948 
1 0.175683 0.949667 
2 0.183171 0.946667 
0 54 42850 0.0542719 
1 55 44075 0.0532311 
2 54 43618 0.0535372 
275
0 0.142941 0.955333 
1 0.14811 0.955 
2 0.138272 0.958 
0 54 42850 0.0543385 
1 55 44075 0.0533048 
2 54 43618 0.0536245 
276
0 0.182698 0.941667 
1 0.186096 0.943 
2 0.171673 0.949 
0 54 42850 0.0544395 
1 55 44075 0.0534078 
2 54 43618 0.0537304 
277
0 0.152645 0.954333 
1 0.143121 0.961 
2 0.142941 0.961 
0 54 43420 0.054057 
1 56 44852 0.0530337 
2 56 45064 0.052871 
278
0 0.166218 0.953333 
1 0.158877 0.955333 
2 0.159025 0.955333 
0 56 44805 0.0531768 
1 59 47356 0.0516026 
2 56 45314 0.0528027 
279
0 0.18165 0.950333 
1 0.170818 0.949 
2 0.170973 0.949 
0 56 44805 0.0532382 
1 59 47356 0.0516378 
2 56 45314 0.0528421 
280
0 0.141265 0.956667 
1 0.142923 0.956333 
2 0.142327 0.956333 
0 56 44805 0.0532845 
1 59 47356 0.0516771 
2 56 45314 0.0528849 
281
0 0.17841 0.949 
1 0.161378 0.958 
2 0.162474 0.957 
0 56 44805 0.0533506 
1 59 47356 0.0517216 
2 56 45314 0.0529386 
282
0 0.127395 0.96 
1 0.127778 0.961667 
2 0.127955 0.961667 
0 59 47211 0.0519054 
1 59 47604 0.0516149 
2 60 48414 0.051165 
283
0 0.128636 0.965667 
1 0.12682 0.964 
2 0.127037 0.964667 
0 59 47211 0.0519672 
1 59 47604 0.0516443 
2 60 48414 0.0511929 
284
0 0.155535 0.958 
1 0.153216 0.961333 
2 0.154553 0.960667 
0 59 47211 0.0519972 
1 59 47604 0.0516673 
2 60 48414 0.0512167 
285
0 0.190148 0.941667 
1 0.190199 0.945667 
2 0.191862 0.944333 
0 59 47211 0.0520981 
1 59 47604 0.051748 
2 60 48414 0.0512992 
286
0 0.163501 0.949 
1 0.158454 0.950667 
2 0.160446 0.95 
0 59 47211 0.0521958 
1 59 47604 0.0518356 
2 60 48414 0.0513812 
287
0 0.163152 0.953667 
1 0.15499 0.957667 
2 0.152671 0.957667 
0 59 47211 0.0522617 
1 59 47604 0.0519087 
2 60 48414 0.0514313 
288
0 0.177857 0.953 
1 0.173653 0.954333 
2 0.173957 0.954 
0 59 47211 0.0523525 
1 59 47604 0.0519766 
2 60 48414 0.0514898 
289
0 0.169183 0.943333 
1 0.16033 0.946667 
2 0.160082 0.945 
0 59 47211 0.0524223 
1 59 47604 0.0520292 
2 60 48414 0.051543 
290
0 0.172277 0.945333 
1 0.16784 0.948 
2 0.16491 0.949 
0 59 47211 0.0525079 
1 59 47604 0.0520972 
2 60 48414 0.0516122 
291
0 0.142132 0.961333 
1 0.146816 0.957 
2 0.138664 0.961667 
0 59 47211 0.0526368 
1 59 47604 0.0522212 
2 60 48414 0.0517287 
292
0 0.245918 0.928333 
1 0.211465 0.936667 
2 0.220465 0.935 
0 59 47211 0.0527065 
1 59 47604 0.0522805 
2 60 48414 0.0518034 
293
0 0.187934 0.950333 
1 0.150313 0.955667 
2 0.150238 0.956 
0 59 47353 0.0526656 
1 62 49815 0.0511993 
2 61 49267 0.051493 
294
0 0.135821 0.958 
1 0.122097 0.963667 
2 0.121966 0.963667 
0 59 47353 0.0527808 
1 62 49815 0.0512378 
2 61 49267 0.0515316 
295
0 0.200524 0.947 
1 0.187015 0.951667 
2 0.186753 0.951667 
0 59 47353 0.0528493 
1 62 49815 0.0512701 
2 61 49267 0.0515644 
296
0 0.179615 0.952333 
1 0.182373 0.953667 
2 0.182265 0.953333 
0 59 47353 0.052923 
1 62 49815 0.0513263 
2 61 49267 0.051621 
297
0 0.137089 0.968 
1 0.141089 0.964333 
2 0.140151 0.965 
0 59 47353 0.0529695 
1 62 49815 0.0513639 
2 61 49267 0.0516599 
298
0 0.135011 0.96 
1 0.138082 0.959667 
2 0.135883 0.962333 
0 59 47353 0.0530189 
1 62 49815 0.0514078 
2 61 49267 0.0517065 
299
0 0.162429 0.956667 
1 0.163481 0.957 
2 0.163322 0.953667 
0 59 47353 0.0530663 
1 62 49815 0.051431 
2 61 49267 0.0517235 
300
0 0.14494 0.959 
1 0.140288 0.96 
2 0.139559 0.960667 
0 59 47353 0.0531362 
1 62 49815 0.0515014 
2 61 49267 0.0517934 
301
0 0.175369 0.955333 
1 0.17689 0.953667 
2 0.180259 0.951 
0 59 47353 0.0532458 
1 62 49815 0.0515862 
2 61 49267 0.0518865 
302
0 0.178916 0.95 
1 0.178559 0.951667 
2 0.181302 0.949667 
0 59 47353 0.0532855 
1 62 49815 0.051623 
2 61 49267 0.0519319 
303
0 0.137626 0.956667 
1 0.14624 0.952333 
2 0.141967 0.956333 
0 59 47353 0.0533282 
1 62 49815 0.0516809 
2 61 49267 0.0519906 
304
0 0.150299 0.961667 
1 0.152056 0.958667 
2 0.153771 0.958 
0 59 47353 0.0534266 
1 62 49815 0.0517537 
2 61 49267 0.052067 
305
0 0.152515 0.961333 
1 0.135995 0.965 
2 0.141728 0.96 
0 59 47353 0.0535344 
1 62 49815 0.0518709 
2 61 49267 0.05218 
306
0 0.16316 0.951333 
1 0.146211 0.952333 
2 0.147894 0.954333 
0 59 47353 0.0536437 
1 62 49815 0.0519824 
2 61 49267 0.0523219 
307
0 0.139112 0.966 
1 0.130688 0.967667 
2 0.140508 0.962333 
0 59 47353 0.0537265 
1 62 49815 0.0520523 
2 61 49267 0.0524069 
308
0 0.148956 0.953667 
1 0.142755 0.955667 
2 0.141093 0.955333 
0 59 47353 0.053786 
1 62 49815 0.0521174 
2 61 49267 0.0524515 
309
0 0.144556 0.958333 
1 0.145905 0.955333 
2 0.151123 0.954 
0 59 47353 0.0538304 
1 62 49815 0.0521662 
2 61 49267 0.0524895 
310
0 0.163213 0.955333 
1 0.167735 0.955333 
2 0.147735 0.96 
0 59 47353 0.053876 
1 62 49815 0.0522135 
2 61 49267 0.0525464 
311
0 0.189149 0.952333 
1 0.178821 0.953333 
2 0.163925 0.959 
0 59 47353 0.0539168 
1 62 49815 0.0522715 
2 61 49267 0.0525995 
312
0 0.143888 0.954667 
1 0.135056 0.958667 
2 0.135046 0.958667 
0 61 48875 0.0531332 
1 63 50568 0.0521035 
2 62 50341 0.0522298 
313
0 0.162891 0.953667 
1 0.155597 0.956333 
2 0.155788 0.955333 
0 61 48875 0.0532381 
1 63 50568 0.0521579 
2 62 50341 0.0522851 
314
0 0.157637 0.958333 
1 0.153235 0.962667 
2 0.155826 0.960333 
0 61 48875 0.0533129 
1 63 50568 0.0522009 
2 62 50341 0.0523319 
315
0 0.150839 0.957 
1 0.153082 0.957333 
2 0.154511 0.957 
0 61 48875 0.0533922 
1 63 50568 0.0522573 
2 62 50341 0.0523829 
316
0 0.143591 0.955333 
1 0.164467 0.949667 
2 0.164798 0.950333 
0 61 48875 0.0534779 
1 63 50568 0.0523254 
2 62 50341 0.0524599 
317
0 0.119747 0.965333 
1 0.130831 0.963333 
2 0.129517 0.961667 
0 61 48875 0.0535812 
1 63 50568 0.0524369 
2 62 50341 0.0525776 
318
0 0.142978 0.96 
1 0.148161 0.954 
2 0.14518 0.957667 
0 61 48875 0.0536236 
1 63 50568 0.052471 
2 62 50341 0.0526209 
319
0 0.13305 0.958667 
1 0.123807 0.963 
2 0.123749 0.963333 
0 61 48875 0.0536324 
1 63 50568 0.0525039 
2 62 50341 0.0526461 
320
0 0.127433 0.961667 
1 0.128626 0.958333 
2 0.125553 0.960333 
0 61 48875 0.0536824 
1 63 50568 0.0525405 
2 62 50341 0.0526656 
321
0 0.173407 0.948 
1 0.165518 0.953333 
2 0.159695 0.954333 
0 61 48875 0.0537282 
1 63 50568 0.0525906 
2 62 50341 0.0526792 
322
0 0.141234 0.962333 
1 0.135737 0.959333 
2 0.135782 0.959 
0 62 50088 0.0529835 
1 63 51287 0.0522789 
2 64 51797 0.0520092 
323
0 0.12078 0.964333 
1 0.125173 0.963333 
2 0.125211 0.963667 
0 62 50088 0.0530414 
1 63 51287 0.0522941 
2 64 51797 0.0520233 
324
0 0.153997 0.956333 
1 0.153065 0.955333 
2 0.152858 0.954333 
0 62 50088 0.0531173 
1 63 51287 0.0523472 
2 64 51797 0.0520767 
325
0 0.18554 0.946 
1 0.183433 0.949 
2 0.18415 0.949 
0 62 50088 0.0531693 
1 63 51287 0.0524027 
2 64 51797 0.0521311 
326
0 0.158626 0.954 
1 0.154712 0.954333 
2 0.155956 0.953667 
0 62 50088 0.0532761 
1 63 51287 0.0524765 
2 64 51797 0.0522031 
327
0 0.161547 0.960333 
1 0.150708 0.962667 
2 0.152605 0.963667 
0 62 50088 0.0533236 
1 63 51287 0.0525445 
2 64 51797 0.0522692 
328
0 0.170072 0.949 
1 0.167843 0.953 
2 0.168238 0.952333 
0 62 50088 0.0533659 
1 63 51287 0.0525801 
2 64 51797 0.0523052 
329
0 0.130055 0.959333 
1 0.125579 0.960667 
2 0.12746 0.959667 
0 62 50088 0.0533882 
1 63 51287 0.0526192 
2 64 51797 0.0523479 
330
0 0.205291 0.950667 
1 0.1939 0.952333 
2 0.195244 0.950333 
0 62 50088 0.0534659 
1 63 51287 0.0526895 
2 64 51797 0.0524059 
331
0 0.130502 0.960667 
1 0.131156 0.961667 
2 0.127307 0.962333 
0 62 50088 0.0535025 
1 63 51287 0.0527161 
2 64 51797 0.0524274 
332
0 0.139125 0.953333 
1 0.130737 0.957667 
2 0.133666 0.957333 
0 62 50088 0.0535573 
1 63 51287 0.052752 
2 64 51797 0.052458 
333
0 0.127638 0.963667 
1 0.125085 0.965333 
2 0.119256 0.966333 
0 62 50088 0.0536582 
1 63 51287 0.0528227 
2 64 51797 0.0525189 
334
0 0.153705 0.953333 
1 0.15611 0.953 
2 0.149584 0.952 
0 62 50088 0.0537141 
1 63 51287 0.0528584 
2 64 51797 0.0525588 
335
0 0.153333 0.956667 
1 0.145183 0.960667 
2 0.140517 0.959667 
0 62 50088 0.0537817 
1 63 51287 0.0529242 
2 64 51797 0.0526314 
336
0 0.163368 0.949333 
1 0.151286 0.951333 
2 0.162604 0.949 
0 62 50088 0.0538507 
1 63 51287 0.0529837 
2 64 51797 0.0527061 
337
0 0.134747 0.96 
1 0.126274 0.964 
2 0.135585 0.959667 
0 62 50088 0.0539174 
1 63 51287 0.0530446 
2 64 51797 0.0527548 
338
0 0.162138 0.958333 
1 0.156284 0.958333 
2 0.154916 0.956333 
0 62 50088 0.0539944 
1 63 51287 0.0531058 
2 64 51797 0.0527983 
339
0 0.144025 0.962333 
1 0.142577 0.962667 
2 0.146293 0.958333 
0 62 50088 0.0540545 
1 63 51287 0.0531398 
2 64 51797 0.0528336 
340
0 0.15326 0.955 
1 0.154655 0.955333 
2 0.151113 0.956333 
0 62 50088 0.0541323 
1 63 51287 0.0532384 
2 64 51797 0.0529168 
341
0 0.147763 0.963667 
1 0.13818 0.962667 
2 0.138621 0.965 
0 62 50088 0.0541848 
1 63 51287 0.0533002 
2 64 51797 0.05297 
342
0 0.157954 0.952667 
1 0.145428 0.96 
2 0.144501 0.958667 
0 62 50088 0.0542103 
1 63 51287 0.0533106 
2 64 51797 0.0529699 
343
0 0.138488 0.959667 
1 0.122726 0.965 
2 0.122874 0.965 
0 63 50818 0.0538569 
1 65 52521 0.0528445 
2 67 53850 0.052187 
344
0 0.142185 0.959 
1 0.1239 0.961667 
2 0.124622 0.962333 
0 63 50818 0.0539192 
1 65 52521 0.0528505 
2 67 53850 0.0521934 
345
0 0.155245 0.96 
1 0.154837 0.961 
2 0.154583 0.959667 
0 63 50818 0.0539671 
1 65 52521 0.0528594 
2 67 53850 0.0522018 
346
0 0.160462 0.956667 
1 0.152769 0.959333 
2 0.152488 0.959333 
0 63 50818 0.0539475 
1 65 52521 0.0528361 
2 67 53850 0.0521767 
347
0 0.129139 0.958 
1 0.140585 0.953 
2 0.140501 0.952667 
0 63 50818 0.0539601 
1 65 52521 0.0528513 
2 67 53850 0.0521902 
348
0 0.152131 0.959 
1 0.149705 0.958333 
2 0.150436 0.957333 
0 63 50818 0.0540177 
1 65 52521 0.0529114 
2 67 53850 0.0522478 
349
0 0.148962 0.955333 
1 0.139792 0.958 
2 0.138148 0.959667 
0 63 50818 0.0540895 
1 65 52521 0.0529755 
2 67 53850 0.0523169 
350
0 0.156909 0.955 
1 0.159082 0.955333 
2 0.157753 0.953 
0 63 50818 0.0542042 
1 65 52521 0.0530575 
2 67 53850 0.0523977 
351
0 0.159825 0.95 
1 0.147655 0.955333 
2 0.150454 0.958 
0 63 50818 0.0542693 
1 65 52521 0.053112 
2 67 53850 0.0524504 
352
0 0.190841 0.947 
1 0.184911 0.949667 
2 0.184863 0.949 
0 67 53592 0.052713 
1 70 56965 0.0510021 
2 72 57536 0.0507514 
353
0 0.140239 0.957 
1 0.155415 0.953667 
2 0.15621 0.953667 
0 67 53592 0.0527555 
1 70 56965 0.0510223 
2 72 57536 0.0507697 
354
0 0.150353 0.953 
1 0.148178 0.955 
2 0.148334 0.956 
0 67 53592 0.0527703 
1 70 56965 0.0510163 
2 72 57536 0.0507629 
355
0 0.136304 0.961667 
1 0.139767 0.957667 
2 0.139764 0.957 
0 67 53592 0.0528343 
1 70 56965 0.0510505 
2 72 57536 0.0507958 
356
0 0.169256 0.954667 
1 0.170958 0.953667 
2 0.17018 0.954 
0 67 53592 0.0528986 
1 70 56965 0.0511267 
2 72 57536 0.0508709 
357
0 0.136816 0.964333 
1 0.132016 0.965667 
2 0.132901 0.965667 
0 67 53592 0.053007 
1 70 56965 0.0512454 
2 72 57536 0.0509936 
358
0 0.131525 0.965 
1 0.123077 0.966667 
2 0.121397 0.967333 
0 67 53592 0.0530818 
1 70 56965 0.0512935 
2 72 57536 0.0510434 
359
0 0.17088 0.955333 
1 0.173067 0.952 
2 0.171234 0.954 
0 67 53592 0.0531202 
1 70 56965 0.0513366 
2 72 57536 0.0510886 
360
0 0.17129 0.953 
1 0.163918 0.954333 
2 0.164167 0.954333 
0 67 53592 0.0531502 
1 70 56965 0.0513604 
2 72 57536 0.0511158 
361
0 0.143667 0.963333 
1 0.148177 0.962 
2 0.152819 0.960333 
0 67 53592 0.0531646 
1 70 56965 0.051393 
2 72 57536 0.0511342 
362
0 0.149162 0.963 
1 0.158153 0.960333 
2 0.154944 0.959333 
0 67 53592 0.0532035 
1 70 56965 0.0513998 
2 72 57536 0.0511516 
363
0 0.132443 0.963333 
1 0.12661 0.961 
2 0.128168 0.963 
0 67 53592 0.0532653 
1 70 56965 0.0514436 
2 72 57536 0.0512159 
364
0 0.141932 0.963667 
1 0.156341 0.960667 
2 0.142922 0.961 
0 67 53592 0.0532734 
1 70 56965 0.0514613 
2 72 57536 0.0512158 
365
0 0.124842 0.963333 
1 0.151823 0.955333 
2 0.14014 0.956333 
0 67 53592 0.05331 
1 70 56965 0.051503 
2 72 57536 0.0512415 
366
0 0.166215 0.953667 
1 0.170084 0.954333 
2 0.145042 0.96 
0 67 53592 0.0533982 
1 70 56965 0.0516204 
2 72 57536 0.0513296 
367
0 0.139434 0.963333 
1 0.136201 0.962667 
2 0.136593 0.962667 
0 72 57086 0.0517881 
1 76 60573 0.0501842 
2 75 60407 0.0502408 
368
0 0.145676 0.957667 
1 0.153388 0.954667 
2 0.153383 0.954667 
0 72 57086 0.0518471 
1 76 60573 0.0502086 
2 75 60407 0.050266 
369
0 0.184066 0.947 
1 0.177388 0.954 
2 0.17775 0.954333 
0 72 57086 0.0518819 
1 76 60573 0.0502242 
2 75 60407 0.0502823 
370
0 0.153422 0.958667 
1 0.141872 0.959333 
2 0.141699 0.96 
0 75 60286 0.0504378 
1 75 61185 0.0499992 
2 78 62931 0.0492995 
371
0 0.153507 0.953 
1 0.153091 0.952 
2 0.152816 0.951667 
0 75 60286 0.0504787 
1 75 61185 0.0500276 
2 78 62931 0.049326 
372
0 0.131156 0.967333 
1 0.136524 0.967667 
2 0.136468 0.967667 
0 75 60286 0.0505056 
1 75 61185 0.0500456 
2 78 62931 0.0493429 
373
0 0.163701 0.954667 
1 0.165926 0.955667 
2 0.165969 0.955667 
0 75 60286 0.0505114 
1 75 61185 0.0500407 
2 78 62931 0.0493369 
374
0 0.169868 0.958 
1 0.165814 0.956667 
2 0.165873 0.957 
0 75 60286 0.0505478 
1 75 61185 0.0500712 
2 78 62931 0.0493649 
375
0 0.15261 0.957333 
1 0.153876 0.959 
2 0.153929 0.958667 
0 75 60286 0.0505671 
1 75 61185 0.0501033 
2 78 62931 0.0493942 
376
0 0.160597 0.956333 
1 0.164494 0.955667 
2 0.164836 0.955667 
0 75 60286 0.0506229 
1 75 61185 0.050149 
2 78 62931 0.0494386 
377
0 0.16368 0.953667 
1 0.174726 0.954 
2 0.174751 0.953 
0 75 60286 0.0506691 
1 75 61185 0.0501852 
2 78 62931 0.0494731 
378
0 0.193037 0.952 
1 0.203571 0.953333 
2 0.202471 0.953667 
0 75 60286 0.0507207 
1 75 61185 0.0502594 
2 78 62931 0.0495466 
379
0 0.153555 0.954667 
1 0.151392 0.955667 
2 0.151195 0.955333 
0 75 60286 0.0507564 
1 75 61185 0.0502705 
2 78 62931 0.0495567 
380
0 0.154751 0.959667 
1 0.163098 0.952667 
2 0.163732 0.952 
0 75 60286 0.0508092 
1 75 61185 0.0503137 
2 78 62931 0.0495937 
381
0 0.157671 0.955 
1 0.186995 0.947 
2 0.186741 0.946 
0 75 60286 0.0508536 
1 75 61185 0.0503746 
2 78 62931 0.0496499 
382
0 0.15239 0.957 
1 0.155825 0.958333 
2 0.150749 0.96 
0 75 60286 0.0509253 
1 75 61185 0.0504767 
2 78 62931 0.0497411 
383
0 0.154457 0.956667 
1 0.154665 0.954333 
2 0.15442 0.957333 
0 75 60286 0.0509804 
1 75 61185 0.0505558 
2 78 62931 0.0498073 
384
0 0.145669 0.961 
1 0.146155 0.960333 
2 0.147421 0.959333 
0 75 60286 0.051026 
1 75 61185 0.0506005 
2 78 62931 0.0498514 
385
0 0.163356 0.958333 
1 0.173858 0.957667 
2 0.175088 0.958 
0 75 60286 0.0510906 
1 75 61185 0.0506354 
2 78 62931 0.0498778 
386
0 0.116251 0.967333 
1 0.122697 0.963667 
2 0.124496 0.964333 
0 75 60286 0.0511393 
1 75 61185 0.0506914 
2 78 62931 0.0499269 
387
0 0.14201 0.963 
1 0.138126 0.964 
2 0.140699 0.966333 
0 75 60286 0.0511822 
1 75 61185 0.0507283 
2 78 62931 0.0499747 
388
0 0.134916 0.962 
1 0.133274 0.960667 
2 0.13399 0.961667 
0 75 60286 0.0512076 
1 75 61185 0.0507475 
2 78 62931 0.0499933 
389
0 0.16437 0.96 
1 0.163296 0.960333 
2 0.15926 0.958333 
0 75 60286 0.0512427 
1 75 61185 0.050769 
2 78 62931 0.0500101 
390
0 0.12292 0.963667 
1 0.122323 0.968667 
2 0.120969 0.968 
0 75 60286 0.0512678 
1 75 61185 0.0507826 
2 78 62931 0.0500387 
391
0 0.14708 0.954 
1 0.141503 0.958 
2 0.141207 0.956667 
0 75 60286 0.0513033 
1 75 61185 0.0508224 
2 78 62931 0.0500636 
392
0 0.132869 0.960667 
1 0.1307 0.966333 
2 0.132898 0.964 
0 75 60286 0.0513461 
1 75 61185 0.0508562 
2 78 62931 0.0500809 
393
0 0.144951 0.961667 
1 0.141309 0.964333 
2 0.138532 0.961667 
0 75 60286 0.0513851 
1 75 61185 0.0508825 
2 78 62931 0.0500948 
394
0 0.146825 0.959333 
1 0.140257 0.961 
2 0.140164 0.961667 
0 75 60286 0.051442 
1 75 61185 0.0509262 
2 78 62931 0.0501393 
395
0 0.134182 0.96 
1 0.121521 0.962333 
2 0.124407 0.963 
0 75 60286 0.0514711 
1 75 61185 0.0509606 
2 78 62931 0.0501683 
396
0 0.183532 0.956333 
1 0.172732 0.956 
2 0.185016 0.954 
0 75 60286 0.051515 
1 75 61185 0.0509834 
2 78 62931 0.0501841 
397
0 0.143842 0.963333 
1 0.133187 0.965 
2 0.146682 0.963333 
0 75 60286 0.0515745 
1 75 61185 0.0510362 
2 78 62931 0.0502256 
398
0 0.145907 0.96 
1 0.149056 0.96 
2 0.157671 0.955333 
0 75 60286 0.0516279 
1 75 61185 0.051078 
2 78 62931 0.0502686 
399
0 0.136484 0.960667 
1 0.155303 0.955667 
2 0.169873 0.951 
0 75 60286 0.0516705 
1 75 61185 0.0511137 
2 78 62931 0.05031 
400
0 0.170336 0.958333 
1 0.188524 0.952 
2 0.174416 0.952333 
0 75 60286 0.0517178 
1 75 61185 0.0511537 
2 78 62931 0.0503614 
401
0 0.132187 0.961667 
1 0.138734 0.963667 
2 0.137952 0.963333 
0 75 60286 0.051794 
1 75 61185 0.0512541 
2 78 62931 0.0504627 
402
0 0.137297 0.960333 
1 0.139741 0.959333 
2 0.148215 0.957667 
0 75 60286 0.0518269 
1 75 61185 0.0512755 
2 78 62931 0.0504998 
403
0 0.164959 0.952 
1 0.14558 0.956667 
2 0.166788 0.953333 
0 75 60286 0.0518577 
1 75 61185 0.0513057 
2 78 62931 0.050531 
404
0 0.175992 0.954 
1 0.155043 0.960333 
2 0.164735 0.959333 
0 75 60286 0.0518803 
1 75 61185 0.0513584 
2 78 62931 0.0505645 
405
0 0.136101 0.96 
1 0.13026 0.962667 
2 0.130066 0.962333 
0 75 60167 0.0522732 
1 77 62204 0.0513213 
2 77 62140 0.0513509 
406
0 0.136261 0.963333 
1 0.131208 0.965667 
2 0.130413 0.965667 
0 75 60167 0.0523103 
1 77 62204 0.0513346 
2 77 62140 0.0513637 
407
0 0.127858 0.964 
1 0.129378 0.963667 
2 0.128918 0.963667 
0 75 60167 0.0523308 
1 77 62204 0.0513379 
2 77 62140 0.0513692 
408
0 0.109462 0.969333 
1 0.11062 0.965 
2 0.110708 0.965 
0 75 60167 0.0523381 
1 77 62204 0.051328 
2 77 62140 0.0513622 
409
0 0.131679 0.964 
1 0.139682 0.959 
2 0.140517 0.960667 
0 75 60167 0.0523808 
1 77 62204 0.0513835 
2 77 62140 0.0514208 
410
0 0.159554 0.958333 
1 0.16846 0.954 
2 0.17098 0.954 
0 75 60167 0.0524393 
1 77 62204 0.0514402 
2 77 62140 0.0514751 
411
0 0.138216 0.958667 
1 0.139154 0.960333 
2 0.140783 0.961667 
0 75 60167 0.0524727 
1 77 62204 0.0514745 
2 77 62140 0.0515059 
412
0 0.152955 0.959333 
1 0.148082 0.960667 
2 0.150666 0.959 
0 75 60167 0.0524911 
1 77 62204 0.0514854 
2 77 62140 0.0515095 
413
0 0.16458 0.958333 
1 0.172156 0.956333 
2 0.166868 0.957333 
0 75 60167 0.0525152 
1 77 62204 0.0515171 
2 77 62140 0.0515336 
414
0 0.137201 0.962 
1 0.137684 0.964333 
2 0.138307 0.960333 
0 75 60167 0.0525234 
1 77 62204 0.0515226 
2 77 62140 0.0515411 
415
0 0.132287 0.960333 
1 0.1313 0.957667 
2 0.130368 0.962 
0 75 60167 0.0525327 
1 77 62204 0.0515377 
2 77 62140 0.0515657 
416
0 0.123614 0.967 
1 0.125261 0.968333 
2 0.117936 0.969667 
0 75 60167 0.0525758 
1 77 62204 0.0515789 
2 77 62140 0.0516123 
417
0 0.141951 0.957667 
1 0.140725 0.959 
2 0.140792 0.960667 
0 75 60167 0.05262 
1 77 62204 0.0516157 
2 77 62140 0.0516587 
418
0 0.17364 0.954 
1 0.165407 0.958667 
2 0.165027 0.958333 
0 75 60167 0.0526447 
1 77 62204 0.0516388 
2 77 62140 0.0516699 
419
0 0.149623 0.958 
1 0.135209 0.96 
2 0.133839 0.964 
0 75 60167 0.052715 
1 77 62204 0.0516848 
2 77 62140 0.0517043 
420
0 0.134136 0.964 
1 0.131188 0.961667 
2 0.127325 0.963 
0 75 60167 0.0527672 
1 77 62204 0.0517204 
2 77 62140 0.0517259 
421
0 0.150515 0.955 
1 0.156242 0.96 
2 0.138666 0.960667 
0 75 60167 0.0527969 
1 77 62204 0.0517523 
2 77 62140 0.0517445 
422
0 0.151559 0.959667 
1 0.161392 0.959 
2 0.141968 0.960667 
0 75 60167 0.0528289 
1 77 62204 0.0517622 
2 77 62140 0.0517548 
423
0 0.14917 0.958333 
1 0.15625 0.962333 
2 0.150851 0.960667 
0 75 60167 0.0528762 
1 77 62204 0.0517895 
2 77 62140 0.0517902 
424
0 0.147418 0.960667 
1 0.142249 0.961 
2 0.139847 0.958333 
0 75 60167 0.0529121 
1 77 62204 0.0518038 
2 77 62140 0.0518139 
425
0 0.145508 0.957333 
1 0.146928 0.959333 
2 0.142437 0.959 
0 75 60167 0.0529806 
1 77 62204 0.0518484 
2 77 62140 0.0518683 
426
0 0.164036 0.961333 
1 0.153385 0.96 
2 0.151078 0.957 
0 75 60167 0.05299 
1 77 62204 0.0518288 
2 77 62140 0.0518682 
427
0 0.160194 0.96 
1 0.170333 0.955 
2 0.165794 0.959333 
0 75 60167 0.053026 
1 77 62204 0.0518438 
2 77 62140 0.0518883 
428
0 0.13982 0.962333 
1 0.13253 0.965333 
2 0.129108 0.960333 
0 75 60167 0.0530278 
1 77 62204 0.0518375 
2 77 62140 0.0518847 
429
0 0.181263 0.955333 
1 0.19037 0.954 
2 0.181438 0.957333 
0 75 60167 0.0530607 
1 77 62204 0.0518669 
2 77 62140 0.0519205 
430
0 0.128446 0.965667 
1 0.130466 0.959667 
2 0.127994 0.961667 
0 75 60167 0.0531355 
1 77 62204 0.0519307 
2 77 62140 0.0519913 
431
0 0.1646 0.952333 
1 0.155322 0.958667 
2 0.14955 0.959667 
0 75 60167 0.0531952 
1 77 62204 0.0519759 
2 77 62140 0.0520281 
432
0 0.143222 0.964667 
1 0.132802 0.967333 
2 0.132749 0.967333 
0 77 61260 0.0528081 
1 79 64778 0.0512402 
2 77 61755 0.0525299 
433
0 0.150785 0.959333 
1 0.156446 0.961 
2 0.156354 0.961 
0 77 61260 0.0528671 
1 79 64778 0.0512616 
2 77 61755 0.0525548 
434
0 0.127779 0.961 
1 0.124954 0.963667 
2 0.125572 0.962667 
0 77 61260 0.0529328 
1 79 64778 0.0512966 
2 77 61755 0.0525927 
435
0 0.160737 0.959333 
1 0.15738 0.961 
2 0.157273 0.960667 
0 77 61260 0.0529901 
1 79 64778 0.0513287 
2 77 61755 0.0526315 
436
0 0.136384 0.961333 
1 0.136259 0.964 
2 0.135851 0.964 
0 77 61260 0.0530171 
1 79 64778 0.051336 
2 77 61755 0.0526424 
437
0 0.147282 0.959333 
1 0.149955 0.96 
2 0.148597 0.961333 
0 77 61260 0.0530258 
1 79 64778 0.0513578 
2 77 61755 0.0526696 
438
0 0.14123 0.96 
1 0.152233 0.958333 
2 0.152538 0.958667 
0 77 61260 0.0530593 
1 79 64778 0.0514229 
2 77 61755 0.0527427 
439
0 0.158841 0.957333 
1 0.155181 0.958 
2 0.156371 0.960333 
0 77 61260 0.053088 
1 79 64778 0.0514639 
2 77 61755 0.0527846 
440
0 0.141526 0.960333 
1 0.161415 0.956667 
2 0.155599 0.958 
0 77 61260 0.0531107 
1 79 64778 0.0514838 
2 77 61755 0.052814 
441
0 0.122094 0.968333 
1 0.132878 0.965 
2 0.132701 0.963 
0 77 61260 0.0531432 
1 79 64778 0.0515091 
2 77 61755 0.0528503 
442
0 0.115389 0.965 
1 0.113927 0.965333 
2 0.118222 0.966 
0 77 61260 0.053199 
1 79 64778 0.0515631 
2 77 61755 0.052915 
443
0 0.159077 0.955333 
1 0.165816 0.952333 
2 0.162105 0.953 
0 77 61260 0.0532086 
1 79 64778 0.0515707 
2 77 61755 0.0529264 
444
0 0.118059 0.967667 
1 0.119951 0.97 
2 0.128677 0.967667 
0 77 61260 0.053251 
1 79 64778 0.0516212 
2 77 61755 0.0529817 
445
0 0.14656 0.958 
1 0.139204 0.959333 
2 0.147845 0.956667 
0 77 61260 0.0532777 
1 79 64778 0.0516618 
2 77 61755 0.0530328 
446
0 0.121819 0.964333 
1 0.129217 0.958667 
2 0.135278 0.958333 
0 77 61260 0.0533135 
1 79 64778 0.0517022 
2 77 61755 0.0530708 
447
0 0.114769 0.968667 
1 0.10368 0.97 
2 0.108364 0.968 
0 77 61260 0.053353 
1 79 64778 0.0517604 
2 77 61755 0.0531322 
448
0 0.138062 0.962667 
1 0.139771 0.96 
2 0.134241 0.962333 
0 77 61260 0.053383 
1 79 64778 0.0517872 
2 77 61755 0.0531679 
449
0 0.137583 0.959333 
1 0.133682 0.959667 
2 0.129428 0.958667 
0 77 61260 0.0534283 
1 79 64778 0.0518166 
2 77 61755 0.0531983 
450
0 0.142031 0.964333 
1 0.146464 0.962667 
2 0.143615 0.962333 
0 77 61260 0.05345 
1 79 64778 0.0518461 
2 77 61755 0.0532181 
451
0 0.116828 0.965 
1 0.12459 0.965333 
2 0.11906 0.967 
0 77 61260 0.0534843 
1 79 64778 0.0519056 
2 77 61755 0.0532709 
452
0 0.121683 0.962333 
1 0.14786 0.957667 
2 0.127461 0.964333 
0 77 61260 0.0535108 
1 79 64778 0.0519578 
2 77 61755 0.0533284 
453
0 0.157749 0.958667 
1 0.154806 0.958333 
2 0.150546 0.959 
0 77 61260 0.0535509 
1 79 64778 0.0519693 
2 77 61755 0.0533515 
454
0 0.132571 0.966667 
1 0.137838 0.963667 
2 0.133155 0.967333 
0 77 61260 0.0535812 
1 79 64778 0.0519805 
2 77 61755 0.0533637 
455
0 0.114579 0.969 
1 0.120786 0.967667 
2 0.119934 0.964333 
0 77 61260 0.0536192 
1 79 64778 0.0520089 
2 77 61755 0.0533757 
456
0 0.182052 0.959 
1 0.191766 0.956667 
2 0.193924 0.952667 
0 77 61260 0.0536763 
1 79 64778 0.0520818 
2 77 61755 0.0534438 
457
0 0.143844 0.961 
1 0.156992 0.957333 
2 0.152731 0.957667 
0 77 61260 0.0537247 
1 79 64778 0.0521138 
2 77 61755 0.0534821 
458
0 0.163147 0.960667 
1 0.15905 0.959333 
2 0.145539 0.961667 
0 77 61260 0.0537524 
1 79 64778 0.0521344 
2 77 61755 0.0535052 
459
0 0.15518 0.957667 
1 0.156099 0.958333 
2 0.153235 0.960333 
0 77 61260 0.0537937 
1 79 64778 0.0521773 
2 77 61755 0.0535522 
460
0 0.136061 0.958667 
1 0.130068 0.957667 
2 0.128302 0.96 
0 77 61260 0.053855 
1 79 64778 0.0522403 
2 77 61755 0.0536085 
461
0 0.149854 0.955 
1 0.150938 0.957 
2 0.162302 0.95 
0 77 61260 0.0539167 
1 79 64778 0.0522948 
2 77 61755 0.0536687 
462
0 0.147247 0.963667 
1 0.157987 0.962667 
2 0.166272 0.96 
0 77 61260 0.0539947 
1 79 64778 0.0523276 
2 77 61755 0.0537089 
463
0 0.141752 0.964667 
1 0.129269 0.965667 
2 0.128251 0.963 
0 77 61260 0.0540098 
1 79 64778 0.0523225 
2 77 61755 0.0537323 
464
0 0.153782 0.956333 
1 0.138935 0.962 
2 0.142171 0.960667 
0 77 61260 0.054066 
1 79 64778 0.0523687 
2 77 61755 0.0537693 
465
0 0.149975 0.957667 
1 0.148598 0.956333 
2 0.140468 0.96 
0 77 61260 0.0540993 
1 79 64778 0.0523943 
2 77 61755 0.0537918 
466
0 0.14793 0.965333 
1 0.168499 0.960333 
2 0.168519 0.963 
0 77 61260 0.0541575 
1 79 64778 0.0524358 
2 77 61755 0.0538391 
467
0 0.133756 0.958333 
1 0.136746 0.958 
2 0.131665 0.96 
0 77 61260 0.0542091 
1 79 64778 0.0524998 
2 77 61755 0.0538955 
468
0 0.150033 0.96 
1 0.147228 0.958333 
2 0.142622 0.957667 
0 77 61260 0.0542614 
1 79 64778 0.0525535 
2 77 61755 0.053943 
469
0 0.128607 0.964667 
1 0.131522 0.965 
2 0.134624 0.962 
0 77 61260 0.0542646 
1 79 64778 0.0525909 
2 77 61755 0.0539774 
470
0 0.16035 0.955667 
1 0.15665 0.960667 
2 0.164205 0.956 
0 77 61260 0.0542621 
1 79 64778 0.0526137 
2 77 61755 0.0539931 
471
0 0.148928 0.960667 
1 0.145076 0.964333 
2 0.14464 0.963 
0 77 61260 0.0543092 
1 79 64778 0.0526468 
2 77 61755 0.0540427 
472
0 0.135563 0.963333 
1 0.133452 0.961 
2 0.140835 0.960333 
0 77 61260 0.0543274 
1 79 64778 0.0526766 
2 77 61755 0.0540811 
473
0 0.156878 0.959 
1 0.154431 0.959333 
2 0.140863 0.961667 
0 77 61260 0.0543326 
1 79 64778 0.0526821 
2 77 61755 0.0540977 
474
0 0.160599 0.958667 
1 0.147698 0.960333 
2 0.142697 0.961333 
0 77 61260 0.0543521 
1 79 64778 0.0527045 
2 77 61755 0.0541207 
475
0 0.121762 0.965667 
1 0.124277 0.964333 
2 0.112055 0.967 
0 77 61260 0.0543559 
1 79 64778 0.0527216 
2 77 61755 0.0541327 
476
0 0.183654 0.952667 
1 0.185698 0.953333 
2 0.191552 0.954667 
0 77 61260 0.0544053 
1 79 64778 0.0527585 
2 77 61755 0.0541577 
477
0 0.149081 0.956333 
1 0.149063 0.958333 
2 0.14578 0.958667 
0 77 61260 0.0544767 
1 79 64778 0.052782 
2 77 61755 0.0541928 
478
0 0.167291 0.960667 
1 0.154311 0.963333 
2 0.169501 0.954333 
0 77 61260 0.0544988 
1 79 64778 0.0528067 
2 77 61755 0.054244 
479
0 0.164622 0.953667 
1 0.159397 0.959667 
2 0.161881 0.959667 
0 77 61260 0.0545343 
1 79 64778 0.0528308 
2 77 61755 0.05429 
480
0 0.135288 0.958667 
1 0.143956 0.961 
2 0.140879 0.957 
0 77 61260 0.0546033 
1 79 64778 0.0528443 
2 77 61755 0.0543448 
481
0 0.131039 0.962667 
1 0.130128 0.963667 
2 0.140985 0.961 
0 77 61260 0.0546516 
1 79 64778 0.0528787 
2 77 61755 0.0543734 
482
0 0.144219 0.966 
1 0.140659 0.963667 
2 0.142363 0.965333 
0 77 61260 0.0546834 
1 79 64778 0.0528974 
2 77 61755 0.0544161 
483
0 0.12323 0.962667 
1 0.126511 0.961 
2 0.122871 0.963 
0 77 61260 0.054695 
1 79 64778 0.0529096 
2 77 61755 0.0544325 
484
0 0.141532 0.961333 
1 0.149598 0.959667 
2 0.131232 0.965667 
0 77 61260 0.0547386 
1 79 64778 0.0529446 
2 77 61755 0.0544657 
485
0 0.142363 0.959 
1 0.13343 0.959667 
2 0.11957 0.963 
0 77 61260 0.054791 
1 79 64778 0.0529774 
2 77 61755 0.0545142 
486
0 0.118241 0.964 
1 0.124862 0.960667 
2 0.120977 0.964333 
0 77 61260 0.0548182 
1 79 64778 0.0530105 
2 77 61755 0.054547 
487
0 0.124533 0.961667 
1 0.119507 0.962333 
2 0.119592 0.961 
0 77 61260 0.0548468 
1 79 64778 0.0530546 
2 77 61755 0.0545872 
488
0 0.131056 0.964333 
1 0.13751 0.960667 
2 0.13617 0.963333 
0 77 61260 0.0548735 
1 79 64778 0.0531081 
2 77 61755 0.054623 
489
0 0.161532 0.958333 
1 0.175944 0.957667 
2 0.184824 0.955333 
0 77 61260 0.0549021 
1 79 64778 0.0531559 
2 77 61755 0.0546581 
490
0 0.162207 0.96 
1 0.149858 0.963 
2 0.158989 0.957 
0 77 61260 0.05492 
1 79 64778 0.0531772 
2 77 61755 0.0546781 
491
0 0.109893 0.965 
1 0.129553 0.958667 
2 0.12491 0.964 
0 77 61260 0.0549559 
1 79 64778 0.0532155 
2 77 61755 0.054708 
492
0 0.149514 0.966 
1 0.16144 0.958 
2 0.135554 0.964667 
0 77 61260 0.0549722 
1 79 64778 0.0532585 
2 77 61755 0.0547477 
493
0 0.14679 0.960667 
1 0.15185 0.960333 
2 0.137383 0.964 
0 77 61260 0.055002 
1 79 64778 0.0533006 
2 77 61755 0.0547863 
494
0 0.138607 0.963 
1 0.131153 0.966667 
2 0.12353 0.967333 
0 77 61260 0.0550663 
1 79 64778 0.0533311 
2 77 61755 0.0548312 
495
0 0.132907 0.968667 
1 0.152246 0.962 
2 0.142726 0.966 
0 77 61260 0.0550976 
1 79 64778 0.0533499 
2 77 61755 0.0548583 
496
0 0.140262 0.964 
1 0.148502 0.960667 
2 0.145004 0.963667 
0 77 61260 0.0551378 
1 79 64778 0.0533723 
2 77 61755 0.0548873 
497
0 0.139339 0.962667 
1 0.163962 0.954 
2 0.167684 0.952333 
0 77 61260 0.0551785 
1 79 64778 0.0534245 
2 77 61755 0.0549156 
498
0 0.142633 0.962333 
1 0.157314 0.958333 
2 0.141647 0.962667 
0 77 61260 0.055231 
1 79 64778 0.0534775 
2 77 61755 0.0549618 
499
0 0.147396 0.962333 
1 0.157262 0.956 
2 0.162012 0.957333 
0 77 61260 0.0552625 
1 79 64778 0.0535102 
2 77 61755 0.0549987 
500
0 0.107478 0.971333 
1 0.111471 0.968 
2 0.10997 0.967667 
0 77 61260 0.055288 
1 79 64778 0.0535553 
2 77 61755 0.0550531 
501
0 0.124853 0.97 
1 0.135629 0.962333 
2 0.144938 0.962333 
0 77 61260 0.0552977 
1 79 64778 0.0536047 
2 77 61755 0.0550602 
502
0 0.116652 0.966333 
1 0.127964 0.967667 
2 0.129188 0.964 
0 77 61260 0.0553309 
1 79 64778 0.0536478 
2 77 61755 0.0550926 
503
0 0.112786 0.966333 
1 0.123462 0.963667 
2 0.138658 0.962667 
0 77 61260 0.0553644 
1 79 64778 0.053686 
2 77 61755 0.05514 
504
0 0.133936 0.965667 
1 0.135123 0.963 
2 0.131459 0.967 
0 77 61260 0.0554064 
1 79 64778 0.0537324 
2 77 61755 0.0551908 
505
0 0.135843 0.966333 
1 0.157882 0.964 
2 0.16956 0.960333 
0 77 61260 0.0554349 
1 79 64778 0.0537774 
2 77 61755 0.0552414 
506
0 0.109177 0.967 
1 0.107566 0.968667 
2 0.108925 0.965 
0 77 61260 0.0554414 
1 79 64778 0.0538155 
2 77 61755 0.0552601 
507
0 0.119839 0.971333 
1 0.135796 0.966667 
2 0.128874 0.968333 
0 77 61260 0.0554624 
1 79 64778 0.0538511 
2 77 61755 0.0553032 
508
0 0.133671 0.962667 
1 0.115716 0.968333 
2 0.120825 0.967 
0 77 61260 0.0554757 
1 79 64778 0.0538722 
2 77 61755 0.0553308 
509
0 0.0994776 0.968 
1 0.085018 0.973333 
2 0.0953884 0.97 
0 77 61260 0.0554797 
1 79 64778 0.053883 
2 77 61755 0.0553452 
510
0 0.128879 0.968667 
1 0.119817 0.966667 
2 0.120581 0.967 
0 77 61260 0.0555002 
1 79 64778 0.0538945 
2 77 61755 0.0553598 
511
0 0.134496 0.961333 
1 0.139614 0.959667 
2 0.13777 0.962333 
0 77 61260 0.0555524 
1 79 64778 0.0539017 
2 77 61755 0.0553674 
512
0 0.123651 0.965667 
1 0.140393 0.960333 
2 0.131011 0.965333 
0 77 61260 0.055574 
1 79 64778 0.0539303 
2 77 61755 0.0553798 
513
0 0.143655 0.965333 
1 0.166795 0.955667 
2 0.128096 0.964667 
0 77 61260 0.0556095 
1 79 64778 0.0539733 
2 77 61755 0.0554185 
514
0 0.121062 0.963 
1 0.126773 0.963667 
2 0.118937 0.963333 
0 77 61260 0.0556433 
1 79 64778 0.053996 
2 77 61755 0.0554486 
515
0 0.110374 0.965333 
1 0.117844 0.965 
2 0.0977738 0.969333 
0 77 61260 0.0557165 
1 79 64778 0.05404 
2 77 61755 0.0555125 
516
0 0.126867 0.970333 
1 0.122582 0.966667 
2 0.123733 0.968667 
0 77 61260 0.0557445 
1 79 64778 0.0540701 
2 77 61755 0.0555362 
517
0 0.140996 0.964333 
1 0.130662 0.968667 
2 0.127958 0.968 
0 77 61260 0.0557843 
1 79 64778 0.0541024 
2 77 61755 0.0555566 
518
0 0.109384 0.969333 
1 0.114239 0.966667 
2 0.104765 0.971 
0 77 61260 0.0557977 
1 79 64778 0.0541326 
2 77 61755 0.0555957 
519
0 0.134757 0.970333 
1 0.126217 0.972 
2 0.121186 0.970667 
0 77 61260 0.0558256 
1 79 64778 0.0541801 
2 77 61755 0.0556239 
520
0 0.115789 0.967333 
1 0.115234 0.969333 
2 0.120157 0.966 
0 77 61260 0.0558685 
1 79 64778 0.0542131 
2 77 61755 0.055652 
521
0 0.0956666 0.974333 
1 0.0997243 0.971333 
2 0.0885413 0.973333 
0 77 61260 0.0559209 
1 79 64778 0.054255 
2 77 61755 0.0556601 
522
0 0.154383 0.964667 
1 0.126821 0.968667 
2 0.132723 0.969333 
0 77 61260 0.0559879 
1 79 64778 0.0542747 
2 77 61755 0.0557093 
523
0 0.140558 0.965 
1 0.122155 0.966333 
2 0.119372 0.964667 
0 77 61260 0.0560199 
1 79 64778 0.0542702 
2 77 61755 0.0557395 
524
0 0.142352 0.965667 
1 0.134433 0.966333 
2 0.129201 0.963 
0 77 61260 0.0560838 
1 79 64778 0.0543022 
2 77 61755 0.055795 
525
0 0.151267 0.960333 
1 0.145554 0.962667 
2 0.151994 0.96 
0 77 61260 0.0561082 
1 79 64778 0.0543104 
2 77 61755 0.0558165 
526
0 0.166117 0.956667 
1 0.168656 0.957 
2 0.162289 0.960667 
0 77 61260 0.0561179 
1 79 64778 0.0543251 
2 77 61755 0.0558378 
527
0 0.127373 0.966 
1 0.131371 0.969667 
2 0.119029 0.967667 
0 77 61260 0.0561308 
1 79 64778 0.0543512 
2 77 61755 0.0558582 
528
0 0.126058 0.965667 
1 0.138843 0.963667 
2 0.130582 0.964667 
0 77 61260 0.056159 
1 79 64778 0.0543829 
2 77 61755 0.0558796 
529
0 0.162251 0.966 
1 0.158607 0.961667 
2 0.157637 0.964333 
0 77 61260 0.0561725 
1 79 64778 0.0544083 
2 77 61755 0.0559005 
530
0 0.188821 0.955 
1 0.175081 0.958333 
2 0.173701 0.958667 
0 77 61260 0.056191 
1 79 64778 0.054422 
2 77 61755 0.0559052 
531
0 0.140548 0.965333 
1 0.145029 0.964667 
2 0.139051 0.963333 
0 77 61260 0.056231 
1 79 64778 0.054472 
2 77 61755 0.055967 
532
0 0.121497 0.963667 
1 0.125335 0.964333 
2 0.126187 0.965 
0 77 61260 0.056288 
1 79 64778 0.0545141 
2 77 61755 0.0560185 
533
0 0.144647 0.965333 
1 0.161862 0.958 
2 0.156658 0.957 
0 77 61260 0.0563292 
1 79 64778 0.0545667 
2 77 61755 0.0560711 
534
0 0.143636 0.955667 
1 0.114461 0.972 
2 0.125394 0.965667 
0 77 61260 0.0563621 
1 79 64778 0.0546259 
2 77 61755 0.0561287 
535
0 0.101809 0.968 
1 0.0952302 0.973333 
2 0.0952651 0.973333 
0 79 61362 0.0576819 
1 80 63920 0.0563178 
2 82 64927 0.0558299 
536
0 0.144582 0.960667 
1 0.143828 0.962333 
2 0.14384 0.962333 
0 79 61362 0.0577042 
1 80 63920 0.0563207 
2 82 64927 0.055832 
537
0 0.134465 0.966333 
1 0.13025 0.965 
2 0.130336 0.966 
0 79 61362 0.0577308 
1 80 63920 0.0563355 
2 82 64927 0.0558454 
538
0 0.115676 0.967 
1 0.11623 0.965333 
2 0.116429 0.966 
0 79 61362 0.0577661 
1 80 63920 0.0563634 
2 82 64927 0.0558726 
539
0 0.116264 0.968333 
1 0.114096 0.968333 
2 0.113688 0.969333 
0 79 61362 0.0577817 
1 80 63920 0.0563844 
2 82 64927 0.0558932 
540
0 0.133285 0.964667 
1 0.131647 0.968 
2 0.132785 0.968 
0 79 61362 0.0577763 
1 80 63920 0.0563853 
2 82 64927 0.0558948 
541
0 0.129465 0.966333 
1 0.132986 0.966667 
2 0.132502 0.965333 
0 79 61362 0.0577916 
1 80 63920 0.0563913 
2 82 64927 0.0558996 
542
0 0.11996 0.969333 
1 0.119242 0.966667 
2 0.117764 0.965333 
0 79 61362 0.0578111 
1 80 63920 0.0564064 
2 82 64927 0.055911 
543
0 0.126225 0.965667 
1 0.122907 0.965667 
2 0.123298 0.965667 
0 79 61362 0.0578415 
1 80 63920 0.0564406 
2 82 64927 0.0559419 
544
0 0.0972721 0.976333 
1 0.0947767 0.974667 
2 0.0947618 0.974667 
0 79 61362 0.0578671 
1 80 63920 0.056465 
2 82 64927 0.0559643 
545
0 0.108369 0.967 
1 0.109905 0.964333 
2 0.110631 0.963 
0 79 61362 0.0578933 
1 80 63920 0.0564873 
2 82 64927 0.0559881 
546
0 0.119508 0.968 
1 0.117142 0.968333 
2 0.118023 0.967667 
0 79 61362 0.057907 
1 80 63920 0.0565077 
2 82 64927 0.0560051 
547
0 0.136216 0.965667 
1 0.135112 0.967333 
2 0.138554 0.964333 
0 79 61362 0.0579435 
1 80 63920 0.056543 
2 82 64927 0.0560536 
548
0 0.123511 0.965333 
1 0.124102 0.965667 
2 0.126868 0.965667 
0 79 61362 0.0579731 
1 80 63920 0.0565777 
2 82 64927 0.05609 
549
0 0.134594 0.965333 
1 0.134104 0.967 
2 0.142114 0.968 
0 79 61362 0.0580041 
1 80 63920 0.0566152 
2 82 64927 0.0561153 
550
0 0.122104 0.961667 
1 0.115606 0.965667 
2 0.122165 0.964333 
0 79 61362 0.0580259 
1 80 63920 0.0566289 
2 82 64927 0.0561218 
551
0 0.140888 0.958667 
1 0.147479 0.959 
2 0.147385 0.958667 
0 79 61362 0.0580624 
1 80 63920 0.0566792 
2 82 64927 0.056168 
552
0 0.111548 0.966333 
1 0.111073 0.966 
2 0.10999 0.966 
0 79 61362 0.0580923 
1 80 63920 0.0567153 
2 82 64927 0.0562004 
553
0 0.107523 0.97 
1 0.105816 0.972 
2 0.105005 0.973333 
0 79 61362 0.05812 
1 80 63920 0.0567222 
2 82 64927 0.0562126 
554
0 0.132878 0.967667 
1 0.129632 0.970333 
2 0.134681 0.97 
0 79 61362 0.058136 
1 80 63920 0.0567454 
2 82 64927 0.0562217 
555
0 0.166762 0.965333 
1 0.158719 0.969333 
2 0.162259 0.970333 
0 79 61362 0.0581517 
1 80 63920 0.0567697 
2 82 64927 0.05624 
556
0 0.125856 0.961 
1 0.124246 0.965333 
2 0.121644 0.967667 
0 79 61362 0.058164 
1 80 63920 0.0567907 
2 82 64927 0.0562485 
557
0 0.125634 0.967667 
1 0.107665 0.973333 
2 0.107639 0.974 
0 82 63871 0.0572059 
1 86 68360 0.0550328 
2 86 67994 0.0551903 
558
0 0.0881452 0.975333 
1 0.0894724 0.974333 
2 0.0894689 0.974333 
0 86 67892 0.0552783 
1 90 72025 0.0535068 
2 88 71628 0.0536738 
559
0 0.137718 0.967 
1 0.137124 0.967667 
2 0.143114 0.966 
0 86 67892 0.0552918 
1 90 72025 0.0535168 
2 88 71628 0.0536907 
560
0 0.101323 0.969 
1 0.0921165 0.973 
2 0.0950627 0.972 
0 86 67892 0.0552968 
1 90 72025 0.053507 
2 88 71628 0.05368 
561
0 0.119618 0.971 
1 0.11779 0.972333 
2 0.11757 0.968333 
0 86 67892 0.0553081 
1 90 72025 0.0535182 
2 88 71628 0.0536793 
562
0 0.0933487 0.974667 
1 0.10192 0.971667 
2 0.102581 0.971333 
0 86 67892 0.0553374 
1 90 72025 0.0535303 
2 88 71628 0.0536951 
563
0 0.129541 0.964 
1 0.12311 0.965667 
2 0.123002 0.966333 
0 86 67892 0.055377 
1 90 72025 0.0535532 
2 88 71628 0.0537323 
564
0 0.136056 0.962 
1 0.134961 0.965 
2 0.134174 0.966667 
0 86 67892 0.055398 
1 90 72025 0.0535653 
2 88 71628 0.053745 
565
0 0.123954 0.966 
1 0.132265 0.963667 
2 0.121084 0.967 
0 86 67892 0.0554205 
1 90 72025 0.0535899 
2 88 71628 0.053766 
566
0 0.174243 0.956 
1 0.160769 0.958 
2 0.152647 0.959333 
0 86 67892 0.0554728 
1 90 72025 0.0536503 
2 88 71628 0.0538266 
567
0 0.129357 0.966333 
1 0.12837 0.968 
2 0.130422 0.966 
0 86 67892 0.0554982 
1 90 72025 0.0536806 
2 88 71628 0.053854 
568
0 0.130188 0.969667 
1 0.125605 0.968667 
2 0.149722 0.963333 
0 86 67892 0.0555072 
1 90 72025 0.053693 
2 88 71628 0.0538561 
569
0 0.10445 0.968667 
1 0.109838 0.968667 
2 0.115452 0.966667 
0 86 67892 0.0555326 
1 90 72025 0.0537136 
2 88 71628 0.0538826 
570
0 0.134853 0.964333 
1 0.134895 0.965333 
2 0.140027 0.962 
0 86 67892 0.0555706 
1 90 72025 0.0537375 
2 88 71628 0.053899 
571
0 0.120146 0.964 
1 0.11249 0.968667 
2 0.111883 0.966 
0 86 67892 0.0556077 
1 90 72025 0.0537581 
2 88 71628 0.0539276 
572
0 0.102223 0.971333 
1 0.101453 0.972 
2 0.108768 0.970333 
0 86 67892 0.0556486 
1 90 72025 0.05379 
2 88 71628 0.0539617 
573
0 0.142366 0.962333 
1 0.135842 0.965 
2 0.140693 0.963333 
0 86 67892 0.0556599 
1 90 72025 0.0537942 
2 88 71628 0.0539697 
574
0 0.11981 0.970333 
1 0.116774 0.971667 
2 0.122524 0.968 
0 86 67892 0.0556696 
1 90 72025 0.0538041 
2 88 71628 0.0539776 
575
0 0.101426 0.971667 
1 0.103909 0.97 
2 0.11343 0.969667 
0 86 67892 0.0557151 
1 90 72025 0.0538234 
2 88 71628 0.0540039 
576
0 0.119378 0.971 
1 0.117077 0.969667 
2 0.115915 0.97 
0 86 67892 0.0557423 
1 90 72025 0.0538384 
2 88 71628 0.0540163 
577
0 0.120938 0.968667 
1 0.114405 0.967333 
2 0.131347 0.967667 
0 86 67892 0.0557668 
1 90 72025 0.0538799 
2 88 71628 0.0540632 
578
0 0.103655 0.969333 
1 0.0980119 0.97 
2 0.098686 0.972333 
0 86 67892 0.0557782 
1 90 72025 0.0539049 
2 88 71628 0.0540962 
579
0 0.153395 0.963667 
1 0.140325 0.968333 
2 0.143244 0.968667 
0 86 67892 0.0557879 
1 90 72025 0.0539192 
2 88 71628 0.0541134 
580
0 0.119998 0.970333 
1 0.12301 0.967667 
2 0.124861 0.968 
0 86 67892 0.0558058 
1 90 72025 0.0539162 
2 88 71628 0.0541219 
581
0 0.133815 0.963667 
1 0.137689 0.963333 
2 0.13978 0.961667 
0 86 67892 0.0557995 
1 90 72025 0.053898 
2 88 71628 0.0541078 
582
0 0.146894 0.962667 
1 0.146288 0.962333 
2 0.141979 0.963333 
0 86 67892 0.0558281 
1 90 72025 0.0539166 
2 88 71628 0.0541286 
583
0 0.14307 0.96 
1 0.13988 0.961667 
2 0.136929 0.965 
0 86 67892 0.055854 
1 90 72025 0.0539396 
2 88 71628 0.054156 
584
0 0.139257 0.964333 
1 0.136055 0.965667 
2 0.141545 0.963 
0 86 67892 0.0558674 
1 90 72025 0.0539792 
2 88 71628 0.0541765 
585
0 0.129139 0.967333 
1 0.127863 0.968 
2 0.127861 0.967333 
0 86 67892 0.0559029 
1 90 72025 0.0540141 
2 88 71628 0.0541918 
586
0 0.127008 0.965 
1 0.124062 0.969 
2 0.123041 0.968 
0 86 67892 0.0559213 
1 90 72025 0.05402 
2 88 71628 0.0542048 
587
0 0.115301 0.969 
1 0.111784 0.973333 
2 0.104793 0.975 
0 86 67892 0.0559078 
1 90 72025 0.0540243 
2 88 71628 0.0542219 
588
0 0.145296 0.963 
1 0.144149 0.964667 
2 0.138258 0.966667 
0 86 67892 0.055919 
1 90 72025 0.0540146 
2 88 71628 0.0542193 
589
0 0.131943 0.965 
1 0.136369 0.964 
2 0.121802 0.964667 
0 86 67892 0.0559337 
1 90 72025 0.0540349 
2 88 71628 0.0542312 
590
0 0.113928 0.972 
1 0.113892 0.972667 
2 0.107235 0.972667 
0 86 67892 0.0559624 
1 90 72025 0.0540569 
2 88 71628 0.0542341 
591
0 0.158364 0.965 
1 0.149341 0.967667 
2 0.151661 0.965333 
0 86 67892 0.0559687 
1 90 72025 0.05406 
2 88 71628 0.0542352 
592
0 0.105305 0.968667 
1 0.108287 0.967 
2 0.126565 0.963667 
0 86 67892 0.0559517 
1 90 72025 0.0540526 
2 88 71628 0.0542543 
593
0 0.143262 0.966 
1 0.163603 0.962 
2 0.151009 0.965 
0 86 67892 0.0559805 
1 90 72025 0.0540762 
2 88 71628 0.0542809 
594
0 0.134985 0.963333 
1 0.13105 0.964 
2 0.134978 0.965333 
0 86 67892 0.0560118 
1 90 72025 0.0541051 
2 88 71628 0.0543076 
595
0 0.118387 0.966333 
1 0.117403 0.964667 
2 0.114467 0.965 
0 86 67892 0.0560401 
1 90 72025 0.0541331 
2 88 71628 0.0543493 
596
0 0.136704 0.966667 
1 0.12649 0.967667 
2 0.139413 0.965 
0 86 67892 0.0560712 
1 90 72025 0.0541588 
2 88 71628 0.0543909 
597
0 0.136587 0.966 
1 0.147347 0.96 
2 0.147586 0.964333 
0 86 67892 0.0560605 
1 90 72025 0.0541527 
2 88 71628 0.0543904 
598
0 0.142876 0.965667 
1 0.1641 0.961333 
2 0.158859 0.965 
0 86 67892 0.0560793 
1 90 72025 0.0541642 
2 88 71628 0.054404 
599
0 0.138295 0.960667 
1 0.137353 0.960667 
2 0.136674 0.961333 
0 86 67892 0.0560911 
1 90 72025 0.0541628 
2 88 71628 0.0543994 
600
0 0.147228 0.958333 
1 0.159965 0.953667 
2 0.153228 0.955667 
0 86 67892 0.0561389 
1 90 72025 0.0541829 
2 88 71628 0.054414 
601
0 0.0992826 0.973 
1 0.116152 0.969333 
2 0.0979139 0.973667 
0 86 67892 0.0561565 
1 90 72025 0.0542034 
2 88 71628 0.0544332 
602
0 0.119829 0.967667 
1 0.122984 0.968333 
2 0.115099 0.968 
0 86 67892 0.056191 
1 90 72025 0.0542408 
2 88 71628 0.0544728 
603
0 0.0934056 0.973667 
1 0.0939689 0.972333 
2 0.102632 0.968333 
0 86 67892 0.0562409 
1 90 72025 0.0542654 
2 88 71628 0.0545105 
604
0 0.138035 0.962667 
1 0.135083 0.962333 
2 0.140575 0.961 
0 86 67892 0.0562816 
1 90 72025 0.0542957 
2 88 71628 0.0545172 
605
0 0.109777 0.97 
1 0.112856 0.97 
2 0.0987626 0.97 
0 86 67892 0.0563071 
1 90 72025 0.0543065 
2 88 71628 0.0545331 
606
0 0.11656 0.966 
1 0.114368 0.963667 
2 0.104694 0.970333 
0 86 67892 0.0563166 
1 90 72025 0.0543128 
2 88 71628 0.0545541 
607
0 0.153612 0.959333 
1 0.136525 0.964 
2 0.144568 0.959333 
0 86 67892 0.0563439 
1 90 72025 0.0543379 
2 88 71628 0.0545684 
608
0 0.128072 0.964667 
1 0.130428 0.963 
2 0.134193 0.966 
0 86 67892 0.0563621 
1 90 72025 0.0543533 
2 88 71628 0.0545918 
609
0 0.154363 0.960667 
1 0.155249 0.961667 
2 0.151321 0.962 
0 86 67892 0.0563794 
1 90 72025 0.054364 
2 88 71628 0.0546311 
610
0 0.136346 0.966 
1 0.157037 0.960667 
2 0.1565 0.963333 
0 86 67892 0.0564172 
1 90 72025 0.0543858 
2 88 71628 0.0546456 
611
0 0.162627 0.955 
1 0.175674 0.958333 
2 0.167357 0.962333 
0 86 67892 0.0564644 
1 90 72025 0.0544247 
2 88 71628 0.0546881 
612
0 0.147222 0.963667 
1 0.142462 0.965 
2 0.142456 0.965 
0 88 69321 0.0565308 
1 94 74626 0.0542353 
2 90 72469 0.0550996 
613
0 0.154567 0.964333 
1 0.150827 0.963667 
2 0.151001 0.963667 
0 88 69321 0.0565336 
1 94 74626 0.0542086 
2 90 72469 0.0550737 
614
0 0.112002 0.969 
1 0.104923 0.971667 
2 0.105312 0.971667 
0 88 69321 0.056527 
1 94 74626 0.0541884 
2 90 72469 0.0550556 
615
0 0.120732 0.963667 
1 0.1272 0.964333 
2 0.127335 0.964 
0 88 69321 0.0565602 
1 94 74626 0.0542191 
2 90 72469 0.0550887 
616
0 0.139966 0.964 
1 0.148125 0.963667 
2 0.148268 0.963333 
0 88 69321 0.0565679 
1 94 74626 0.0542261 
2 90 72469 0.0550975 
617
0 0.148733 0.965333 
1 0.153256 0.963 
2 0.153923 0.963 
0 88 69321 0.056567 
1 94 74626 0.0542222 
2 90 72469 0.0550957 
618
0 0.131407 0.966667 
1 0.12396 0.970333 
2 0.124657 0.97 
0 88 69321 0.0565977 
1 94 74626 0.0542473 
2 90 72469 0.0551224 
619
0 0.11896 0.964 
1 0.137176 0.962333 
2 0.138378 0.960667 
0 88 69321 0.0566328 
1 94 74626 0.0542821 
2 90 72469 0.0551593 
620
0 0.147523 0.963333 
1 0.142499 0.963333 
2 0.143982 0.963333 
0 88 69321 0.0566472 
1 94 74626 0.0542844 
2 90 72469 0.0551626 
621
0 0.125061 0.964333 
1 0.118502 0.965 
2 0.118654 0.966 
0 88 69321 0.0566606 
1 94 74626 0.0542994 
2 90 72469 0.0551787 
622
0 0.116113 0.968333 
1 0.125227 0.967333 
2 0.124168 0.967667 
0 88 69321 0.0566976 
1 94 74626 0.0543433 
2 90 72469 0.0552284 
623
0 0.0991038 0.975333 
1 0.0997608 0.973 
2 0.097741 0.974333 
0 88 69321 0.0567014 
1 94 74626 0.054363 
2 90 72469 0.0552508 
624
0 0.116581 0.964 
1 0.117309 0.967 
2 0.120729 0.965 
0 88 69321 0.0567205 
1 94 74626 0.0543785 
2 90 72469 0.0552634 
625
0 0.0980069 0.972 
1 0.103367 0.971333 
2 0.100438 0.971 
0 88 69321 0.0567311 
1 94 74626 0.0543903 
2 90 72469 0.0552726 
626
0 0.112942 0.969 
1 0.124551 0.966333 
2 0.127833 0.965333 
0 88 69321 0.0567281 
1 94 74626 0.0543851 
2 90 72469 0.0552725 
627
0 0.134732 0.967333 
1 0.151514 0.963 
2 0.147222 0.962 
0 88 69321 0.0567488 
1 94 74626 0.0544167 
2 90 72469 0.0553047 
628
0 0.114579 0.97 
1 0.126287 0.970333 
2 0.124846 0.969667 
0 88 69321 0.0567576 
1 94 74626 0.0544298 
2 90 72469 0.0553185 
629
0 0.14787 0.962667 
1 0.161627 0.961333 
2 0.159585 0.962 
0 88 69321 0.05677 
1 94 74626 0.0544368 
2 90 72469 0.0553287 
630
0 0.128528 0.968333 
1 0.126449 0.967667 
2 0.120239 0.969667 
0 88 69321 0.0568071 
1 94 74626 0.054461 
2 90 72469 0.0553329 
631
0 0.129912 0.965333 
1 0.136798 0.965333 
2 0.12583 0.966667 
0 88 69321 0.0568275 
1 94 74626 0.0544713 
2 90 72469 0.0553479 
632
0 0.103291 0.971667 
1 0.108215 0.97 
2 0.101608 0.969 
0 88 69321 0.0568642 
1 94 74626 0.0544858 
2 90 72469 0.0553618 
633
0 0.157759 0.960667 
1 0.175805 0.959333 
2 0.174381 0.957333 
0 88 69321 0.056881 
1 94 74626 0.0544966 
2 90 72469 0.055358 
634
0 0.150769 0.962333 
1 0.153019 0.962667 
2 0.149987 0.961667 
0 88 69321 0.0569129 
1 94 74626 0.0545258 
2 90 72469 0.0553849 
635
0 0.121916 0.967 
1 0.1413 0.966 
2 0.133102 0.967667 
0 88 69321 0.0569598 
1 94 74626 0.0545533 
2 90 72469 0.0554369 
636
0 0.128818 0.964 
1 0.135388 0.969667 
2 0.140101 0.968333 
0 88 69321 0.0569709 
1 94 74626 0.05456 
2 90 72469 0.0554384 
637
0 0.136038 0.970667 
1 0.135598 0.969333 
2 0.142389 0.968333 
0 88 69321 0.0569696 
1 94 74626 0.0545646 
2 90 72469 0.0554531 
638
0 0.126081 0.966 
1 0.113901 0.969333 
2 0.122095 0.965333 
0 88 69321 0.0570001 
1 94 74626 0.0545986 
2 90 72469 0.0555011 
639
0 0.135052 0.968333 
1 0.138762 0.959333 
2 0.157836 0.957667 
0 88 69321 0.057023 
1 94 74626 0.0545985 
2 90 72469 0.0554998 
640
0 0.163363 0.959 
1 0.170825 0.963 
2 0.180188 0.959333 
0 88 69321 0.0570377 
1 94 74626 0.0546249 
2 90 72469 0.0555287 
641
0 0.137306 0.961 
1 0.151628 0.964667 
2 0.141875 0.960333 
0 88 69321 0.0570651 
1 94 74626 0.0546596 
2 90 72469 0.055577 
642
0 0.130146 0.962333 
1 0.132091 0.962667 
2 0.136124 0.965333 
0 88 69321 0.0570959 
1 94 74626 0.054674 
2 90 72469 0.055596 
643
0 0.117452 0.968333 
1 0.123561 0.966667 
2 0.118543 0.966 
0 88 69321 0.0571289 
1 94 74626 0.0547051 
2 90 72469 0.0556213 
644
0 0.134209 0.965333 
1 0.125736 0.966 
2 0.139166 0.964667 
0 88 69321 0.0571697 
1 94 74626 0.0547545 
2 90 72469 0.055673 
645
0 0.130311 0.968333 
1 0.134332 0.964667 
2 0.14199 0.963333 
0 88 69321 0.0571883 
1 94 74626 0.054773 
2 90 72469 0.0556835 
646
0 0.098203 0.971 
1 0.111713 0.97 
2 0.116934 0.966667 
0 88 69321 0.0572102 
1 94 74626 0.0547859 
2 90 72469 0.0557051 
647
0 0.125383 0.965 
1 0.12595 0.961667 
2 0.121514 0.965667 
0 88 69321 0.057217 
1 94 74626 0.0548003 
2 90 72469 0.0557315 
648
0 0.131549 0.969667 
1 0.138484 0.965667 
2 0.134745 0.964667 
0 88 69321 0.0572259 
1 94 74626 0.0548166 
2 90 72469 0.0557451 
649
0 0.126469 0.967333 
1 0.111087 0.969333 
2 0.115114 0.971667 
0 88 69321 0.0572573 
1 94 74626 0.0548268 
2 90 72469 0.0557756 
650
0 0.11548 0.971 
1 0.130217 0.966 
2 0.116499 0.964333 
0 88 69321 0.0572688 
1 94 74626 0.0548197 
2 90 72469 0.0557771 
651
0 0.126773 0.968 
1 0.124913 0.964667 
2 0.124331 0.968667 
0 88 69321 0.0572698 
1 94 74626 0.0548251 
2 90 72469 0.0557816 
652
0 0.147779 0.961 
1 0.129366 0.966333 
2 0.144057 0.966 
0 88 69321 0.0572914 
1 94 74626 0.0548566 
2 90 72469 0.0558103 
653
0 0.121496 0.972333 
1 0.12184 0.969333 
2 0.114791 0.968333 
0 88 69321 0.0572973 
1 94 74626 0.0548545 
2 90 72469 0.055808 
654
0 0.121616 0.971667 
1 0.122233 0.967 
2 0.12656 0.97 
0 88 69321 0.0572969 
1 94 74626 0.0548671 
2 90 72469 0.0558163 
655
0 0.146184 0.963667 
1 0.137539 0.966 
2 0.146136 0.965333 
0 88 69321 0.057316 
1 94 74626 0.0548995 
2 90 72469 0.0558662 
656
0 0.129821 0.965 
1 0.143095 0.963333 
2 0.143102 0.965333 
0 88 69321 0.0573381 
1 94 74626 0.0549163 
2 90 72469 0.0558982 
657
0 0.133721 0.961333 
1 0.126647 0.965667 
2 0.138397 0.966333 
0 88 69321 0.0573644 
1 94 74626 0.0549287 
2 90 72469 0.0559201 
658
0 0.162983 0.966333 
1 0.137079 0.968667 
2 0.163177 0.964333 
0 88 69321 0.0573809 
1 94 74626 0.0549224 
2 90 72469 0.055934 
659
0 0.127694 0.969333 
1 0.124644 0.967333 
2 0.138261 0.967667 
0 88 69321 0.0573819 
1 94 74626 0.0549022 
2 90 72469 0.055931 
660
0 0.120335 0.967667 
1 0.121835 0.967333 
2 0.121715 0.969 
0 88 69321 0.057376 
1 94 74626 0.0549052 
2 90 72469 0.0559252 
661
0 0.139151 0.962667 
1 0.137316 0.961 
2 0.141818 0.962333 
0 88 69321 0.0573814 
1 94 74626 0.0549187 
2 90 72469 0.0559388 
662
0 0.146586 0.962 
1 0.123831 0.965667 
2 0.138779 0.959333 
0 88 69321 0.057391 
1 94 74626 0.0549361 
2 90 72469 0.0559384 
663
0 0.119273 0.97 
1 0.118107 0.97 
2 0.123417 0.969 
0 88 69321 0.0574062 
1 94 74626 0.0549396 
2 90 72469 0.0559548 
664
0 0.137341 0.967333 
1 0.150778 0.967333 
2 0.14669 0.964667 
0 88 69321 0.0574184 
1 94 74626 0.0549541 
2 90 72469 0.0559702 
665
0 0.139756 0.963333 
1 0.131692 0.965 
2 0.124853 0.968 
0 88 69321 0.0574665 
1 94 74626 0.0549794 
2 90 72469 0.0560201 
666
0 0.15598 0.962333 
1 0.136671 0.965333 
2 0.143418 0.963 
0 88 69321 0.0574632 
1 94 74626 0.0549853 
2 90 72469 0.0560262 
667
0 0.0962686 0.971 
1 0.0945092 0.974 
2 0.0980752 0.968667 
0 88 69321 0.0575115 
1 94 74626 0.0550172 
2 90 72469 0.0560487 
668
0 0.127139 0.965333 
1 0.12376 0.963667 
2 0.130417 0.96 
0 88 69321 0.0575581 
1 94 74626 0.0550551 
2 90 72469 0.0560871 
669
0 0.11515 0.968333 
1 0.110259 0.969667 
2 0.116581 0.970333 
0 88 69321 0.0575827 
1 94 74626 0.055074 
2 90 72469 0.0561034 
670
0 0.143209 0.962333 
1 0.122325 0.970333 
2 0.134893 0.961667 
0 88 69321 0.0576191 
1 94 74626 0.0550821 
2 90 72469 0.0561243 
671
0 0.121016 0.970333 
1 0.124148 0.971 
2 0.123997 0.971 
0 94 71919 0.0571751 
1 95 75055 0.0557979 
2 98 77831 0.054718 
672
0 0.149856 0.963 
1 0.147568 0.965667 
2 0.147368 0.965667 
0 94 71919 0.0572081 
1 95 75055 0.0558057 
2 98 77831 0.0547241 
673
0 0.132052 0.967 
1 0.133986 0.969333 
2 0.133739 0.968667 
0 94 71919 0.0572103 
1 95 75055 0.0558032 
2 98 77831 0.0547207 
674
0 0.143358 0.965 
1 0.138977 0.964667 
2 0.138929 0.965333 
0 94 71919 0.0572351 
1 95 75055 0.0558224 
2 98 77831 0.0547379 
675
0 0.117718 0.971 
1 0.116706 0.968333 
2 0.116203 0.969333 
0 94 71919 0.0572484 
1 95 75055 0.0558465 
2 98 77831 0.0547593 
676
0 0.126822 0.968667 
1 0.124236 0.966667 
2 0.1247 0.966 
0 94 71919 0.0572562 
1 95 75055 0.0558664 
2 98 77831 0.0547746 
677
0 0.150801 0.958333 
1 0.145511 0.960667 
2 0.144487 0.963 
0 94 71919 0.0572807 
1 95 75055 0.05589 
2 98 77831 0.0547965 
678
0 0.12669 0.965667 
1 0.127557 0.963667 
2 0.126444 0.963333 
0 94 71919 0.0572999 
1 95 75055 0.0559111 
2 98 77831 0.054818 
679
0 0.150539 0.966 
1 0.146983 0.966 
2 0.140929 0.966333 
0 94 71919 0.0573353 
1 95 75055 0.0559349 
2 98 77831 0.0548452 
680
0 0.128964 0.965 
1 0.134823 0.965 
2 0.129869 0.964 
0 94 71919 0.0573597 
1 95 75055 0.055944 
2 98 77831 0.0548595 
681
0 0.148466 0.962667 
1 0.129202 0.967 
2 0.138555 0.964667 
0 94 71919 0.0573847 
1 95 75055 0.0559575 
2 98 77831 0.0548751 
682
0 0.10013 0.97 
1 0.111562 0.966333 
2 0.109352 0.968 
0 94 71919 0.0573957 
1 95 75055 0.0559629 
2 98 77831 0.0548719 
683
0 0.1448 0.965667 
1 0.1556 0.966 
2 0.153413 0.965333 
0 94 71919 0.0574189 
1 95 75055 0.0559666 
2 98 77831 0.0548685 
684
0 0.137188 0.960667 
1 0.138999 0.963333 
2 0.142263 0.962 
0 94 71919 0.0574491 
1 95 75055 0.0559863 
2 98 77831 0.0548878 
685
0 0.131384 0.964 
1 0.131332 0.964 
2 0.126119 0.965333 
0 94 71919 0.0574698 
1 95 75055 0.0560188 
2 98 77831 0.0549039 
686
0 0.117705 0.966333 
1 0.128769 0.965667 
2 0.1256 0.965333 
0 94 71919 0.0574769 
1 95 75055 0.0560258 
2 98 77831 0.0549231 
687
0 0.143491 0.970667 
1 0.153581 0.965667 
2 0.145177 0.967667 
0 94 71919 0.057491 
1 95 75055 0.0560421 
2 98 77831 0.0549394 
688
0 0.112444 0.969333 
1 0.107189 0.967667 
2 0.100129 0.970667 
0 94 71919 0.0575217 
1 95 75055 0.0560676 
2 98 77831 0.0549451 
689
0 0.119374 0.970667 
1 0.124055 0.97 
2 0.120421 0.970333 
0 94 71919 0.0575319 
1 95 75055 0.0560873 
2 98 77831 0.0549592 
690
0 0.107421 0.969667 
1 0.104892 0.970667 
2 0.10749 0.966667 
0 94 71919 0.0575616 
1 95 75055 0.0561104 
2 98 77831 0.0549845 
691
0 0.102864 0.972 
1 0.103378 0.970667 
2 0.0939209 0.970333 
0 94 71919 0.0575464 
1 95 75055 0.0561062 
2 98 77831 0.0549822 
692
0 0.168465 0.959 
1 0.168755 0.956333 
2 0.164937 0.959333 
0 94 71919 0.0575477 
1 95 75055 0.0561098 
2 98 77831 0.0549956 
693
0 0.131273 0.964333 
1 0.132998 0.963667 
2 0.142963 0.961667 
0 94 71919 0.0575959 
1 95 75055 0.0561553 
2 98 77831 0.0550385 
694
0 0.112219 0.970333 
1 0.113006 0.969 
2 0.123172 0.963333 
0 94 71919 0.0576338 
1 95 75055 0.0561768 
2 98 77831 0.0550686 
695
0 0.13353 0.968667 
1 0.13511 0.969333 
2 0.146202 0.965667 
0 94 71919 0.0576367 
1 95 75055 0.0561711 
2 98 77831 0.0550672 
696
0 0.168256 0.963333 
1 0.158796 0.964667 
2 0.155072 0.965333 
0 94 71919 0.0576584 
1 95 75055 0.0561864 
2 98 77831 0.0550931 
697
0 0.134109 0.962 
1 0.141386 0.963667 
2 0.141808 0.964 
0 94 71919 0.0576793 
1 95 75055 0.0562229 
2 98 77831 0.0551233 
698
0 0.134566 0.963667 
1 0.129813 0.962333 
2 0.136534 0.963333 
0 94 71919 0.057694 
1 95 75055 0.0562406 
2 98 77831 0.055123 
699
0 0.126421 0.965333 
1 0.118837 0.969333 
2 0.111778 0.969 
0 94 71919 0.0577054 
1 95 75055 0.0562545 
2 98 77831 0.0551288 
700
0 0.138713 0.963667 
1 0.133641 0.966 
2 0.139278 0.967667 
0 94 71919 0.0577122 
1 95 75055 0.0562637 
2 98 77831 0.0551455 
701
0 0.127385 0.971 
1 0.1143 0.978333 
2 0.113521 0.976333 
0 94 71919 0.0577407 
1 95 75055 0.0562709 
2 98 77831 0.0551594 
702
0 0.122132 0.965 
1 0.116644 0.967333 
2 0.117591 0.967667 
0 95 73433 0.0575197 
1 100 79804 0.0549114 
2 98 78186 0.0554861 
703
0 0.111116 0.973333 
1 0.107242 0.973333 
2 0.107408 0.974333 
0 95 73433 0.0575192 
1 100 79804 0.0549014 
2 98 78186 0.0554733 
0 0.117574 0.9677 
test accuracy : 0.9677
